5.6 1516
11.22 1516
16.88 1516
22.5 1516
28.14 1516
33.76 1516
39.4 1516
45.04 1516
50.68 1516
56.3 1516
61.92 1516
67.56 1516
73.18 1516
78.82 1516
84.42 1516
90.06 1516
95.68 1516
101.3 1516
106.92 1516
112.56 1516
118.18 1516
123.8 1516
129.44 1516
135.06 1516
140.7 1516
146.32 1516
151.96 1516
157.56 1516
163.22 1516
168.84 1516
174.46 1516
180.08 1516
185.72 1516
191.32 1516
196.94 1516
202.58 1516
208.22 1516
213.86 1516
219.48 1516
225.1 1516
230.72 1516
236.36 1516
241.98 1516
247.62 1516
253.26 1516
258.9 1516
264.52 1516
270.24 1516
275.92 1516
281.62 1516
287.32 1516
293 1516
298.7 1516
304.38 1516
310.08 1516
315.76 1516
321.46 1516
327.16 1516
332.92 1516
338.6 1516
344.3 1516
349.98 1516
355.68 1516
361.36 1516
367.08 1516
372.8 1516
378.5 1516
384.2 1516
389.9 1516
395.62 1516
401.34 1516
