1.24 2850
2.68 2349
3.96 2349
5.24 2349
6.5 2349
7.82 2349
9.12 2349
10.38 1965
11.66 1965
12.9 1965
14.4 1965
15.7 1965
17.06 1965
18.48 1965
19.86 1951
21.12 1951
22.48 1951
23.86 1951
25.16 1951
26.6 1838
27.86 1838
29.08 1838
30.34 1838
31.56 1838
33 1838
34.42 1838
35.88 1838
37.48 1838
39.16 1655
40.78 1655
42.32 1655
43.84 1655
45.62 1655
47.32 1655
49 1655
50.62 1655
52.42 1655
53.96 1655
55.64 1655
57.06 1655
58.7 1655
60.42 1655
62.06 1655
63.74 1655
65.34 1655
67.14 1655
68.82 1655
70.38 1655
72.02 1655
73.74 1655
75.5 1655
77.24 1655
78.98 1655
80.62 1655
82.24 1655
83.8 1655
85.42 1655
86.96 1655
88.56 1655
90.08 1655
91.62 1655
93.36 1655
94.92 1655
96.72 1655
98.2 1655
99.72 1655
101.32 1655
102.7 1655
104.14 1655
105.78 1655
107.06 1655
108.36 1655
110 1655
111.54 1655
113.26 1655
114.86 1655
116.4 1655
118.08 1655
119.76 1655
121.56 1655
123.36 1655
125.14 1655
126.84 1655
128.36 1655
130.12 1655
131.78 1655
133.2 1655
134.84 1655
136.44 1655
138.04 1655
139.38 1655
140.8 1655
142.18 1655
143.68 1655
145.34 1655
146.86 1655
148.44 1655
150.08 1655
151.7 1655
153.46 1655
155.12 1655
156.74 1655
158.28 1655
159.9 1655
161.56 1655
162.98 1655
164.66 1655
166.46 1655
168.24 1655
169.7 1655
171.38 1655
173.1 1655
174.66 1655
176.24 1655
178 1655
179.58 1655
181.34 1655
182.96 1655
184.64 1655
186.36 1655
188 1655
189.72 1655
191.3 1655
192.9 1655
194.34 1655
195.72 1655
197.52 1655
199.28 1655
200.86 1655
202.62 1655
204.24 1655
205.94 1655
207.5 1655
209.16 1655
210.76 1655
212.36 1655
213.96 1655
215.46 1655
217.04 1655
218.6 1655
220.1 1655
221.68 1655
223.34 1655
225.12 1655
226.84 1655
228.4 1655
229.88 1655
231.52 1655
232.88 1655
234.36 1655
235.66 1655
237.2 1655
238.72 1655
240.06 1655
241.42 1655
243.2 1655
244.82 1655
246.62 1655
248.5 1655
250.32 1655
251.8 1655
253.42 1655
255.04 1655
256.4 1655
257.9 1655
259.36 1655
261.04 1655
262.78 1655
264.5 1655
266.18 1655
267.82 1655
269.54 1655
271.2 1655
272.76 1655
274.48 1655
276.18 1655
277.74 1655
279.5 1655
281.06 1655
282.58 1655
284.16 1655
285.82 1655
287.38 1655
288.76 1655
290 1655
291.4 1655
292.62 1655
293.94 1655
295.28 1655
296.58 1655
297.84 1655
299.16 1655
300.52 1655
301.8 1655
303.14 1655
304.54 1655
306.14 1655
307.64 1655
309.24 1655
310.76 1655
312.5 1655
314.28 1655
315.88 1655
317.6 1655
319.26 1655
320.92 1655
322.64 1655
324.28 1655
325.72 1655
327.32 1655
329.04 1655
330.68 1655
332.42 1655
334.08 1655
335.52 1655
337.14 1655
338.88 1655
340.46 1655
342 1655
343.44 1655
345.12 1655
346.74 1655
348.46 1655
350.16 1655
351.9 1655
353.34 1655
354.84 1655
356.6 1655
358.04 1655
359.82 1655
361.42 1655
363.22 1655
365 1655
366.8 1655
368.46 1655
369.88 1655
371.52 1655
373.3 1655
374.66 1655
376.28 1655
377.78 1655
379.4 1655
381.14 1655
382.68 1655
384.28 1655
385.86 1655
387.48 1655
388.98 1655
390.24 1655
391.6 1655
393 1655
394.56 1655
396 1655
397.56 1655
399.2 1655
400.58 1655
