6.74 2658
13.58 2470
20.62 2316
27.6 2152
35.24 2019
43.74 1922
52.86 1766
61.64 1656
70.44 1541
79 1440
87.66 1431
96.3 1431
105.04 1431
113.58 1431
122.24 1431
131.16 1431
139.54 1431
148.16 1431
156.56 1431
164.94 1431
174.22 1431
183.38 1431
192.56 1431
201.56 1431
210.22 1431
218.76 1431
227.74 1431
236.3 1431
245.32 1431
254.28 1431
262.92 1431
271.58 1431
280.26 1431
288.56 1431
297.06 1431
305.16 1431
313.76 1431
322.96 1431
331.64 1431
340.26 1431
348.74 1431
357.96 1431
367.4 1431
376.76 1431
385.68 1431
394.72 1431
403.04 1431
