3.3 2800
6.5 2702
9.6 2588
12.92 2508
16.22 2416
19.52 2354
22.94 2274
26.2 2174
29.58 2110
33.22 2084
37.56 1898
41.98 1773
44.58 1754
49.24 1732
58.22 1732
66.82 1732
75.1 1732
83.56 1732
92.08 1732
100.4 1732
109.16 1732
118.04 1732
126.82 1732
135.58 1732
143.68 1732
152.52 1732
160.52 1732
169.42 1732
177.52 1732
186.36 1732
195.38 1732
204.4 1732
212.98 1732
221.86 1732
230.44 1732
239.18 1732
247.28 1732
255.26 1732
263.96 1732
273.02 1732
282 1732
290.68 1732
299.64 1732
307.72 1732
316.06 1732
325.28 1732
334.28 1732
343.02 1732
351.7 1732
360.96 1732
370.4 1732
379.74 1732
388.58 1732
396.74 1732
404.42 1732
