jeu_200_75_5.txt_3_currentACO	jeu_200_75_5.txt_3_bestACO	
0	173078	173078	
1	179688	179688	
2	179522	179688	
3	171647	179688	
4	173413	179688	
5	179688	179688	
6	179688	179688	
7	179688	179688	
8	184086	184086	
9	179688	184086	
10	183069	184086	
11	185261	185261	
12	186815	186815	
13	186230	186815	
14	183069	186815	
15	187386	187386	
16	186815	187386	
17	184694	187386	
18	188058	188058	
19	186815	188058	
20	186815	188058	
21	186815	188058	
22	184694	188058	
23	188611	188611	
24	185514	188611	
25	191411	191411	
26	185253	191411	
27	187449	191411	
28	190798	191411	
29	187515	191411	
30	190003	191411	
31	189094	191411	
32	189492	191411	
33	190403	191411	
34	187519	191411	
35	190292	191411	
36	190197	191411	
37	187523	191411	
38	190611	191411	
39	189057	191411	
40	189063	191411	
41	189630	191411	
42	188964	191411	
43	192288	192288	
44	191411	192288	
45	189302	192288	
46	189909	192288	
47	193513	193513	
48	192415	193513	
49	193876	193876	
50	189167	193876	
51	189603	193876	
52	195682	195682	
53	191275	195682	
54	193759	195682	
55	191280	195682	
56	188597	195682	
57	195682	195682	
58	190683	195682	
59	194362	195682	
60	191176	195682	
61	193660	195682	
62	191107	195682	
63	195189	195682	
64	194343	195682	
65	195682	195682	
66	191421	195682	
67	193470	195682	
68	196311	196311	
69	198012	198012	
70	195682	198012	
71	191247	198012	
72	191485	198012	
73	195953	198012	
74	194277	198012	
75	191670	198012	
76	195682	198012	
77	191499	198012	
78	194962	198012	
79	197568	198012	
80	190609	198012	
81	195933	198012	
82	191850	198012	
83	192688	198012	
84	198012	198012	
85	193968	198012	
86	193272	198012	
87	194351	198012	
88	195406	198012	
89	198012	198012	
90	189095	198012	
91	193272	198012	
92	192204	198012	
93	194126	198012	
94	198012	198012	
95	196621	198012	
96	193272	198012	
97	194600	198012	
98	193734	198012	
99	198400	198400	
100	193621	198400	
101	196589	198400	
102	193175	198400	
103	193734	198400	
104	198400	198400	
105	195902	198400	
106	196360	198400	
107	198400	198400	
108	198254	198400	
109	194221	198400	
110	196674	198400	
111	195503	198400	
112	198400	198400	
113	198012	198400	
114	193906	198400	
115	195515	198400	
116	198400	198400	
117	196380	198400	
118	195633	198400	
119	195452	198400	
120	196214	198400	
121	196169	198400	
122	194280	198400	
123	193797	198400	
124	198400	198400	
125	198400	198400	
126	195219	198400	
127	189318	198400	
128	198400	198400	
129	198400	198400	
130	198400	198400	
131	198400	198400	
132	198400	198400	
133	198400	198400	
134	196420	198400	
135	198400	198400	
136	194557	198400	
137	198400	198400	
138	197584	198400	
139	198400	198400	
140	198400	198400	
141	198400	198400	
142	195001	198400	
143	198400	198400	
144	198400	198400	
145	196013	198400	
146	198400	198400	
147	193986	198400	
148	198400	198400	
149	197391	198400	
150	195452	198400	
151	195552	198400	
152	199589	199589	
153	198400	199589	
154	195552	199589	
155	196310	199589	
156	200550	200550	
157	195295	200550	
158	198483	200550	
159	199267	200550	
160	196626	200550	
161	196053	200550	
162	199267	200550	
163	196373	200550	
164	198744	200550	
165	200550	200550	
166	198191	200550	
167	199393	200550	
168	198262	200550	
169	200154	200550	
170	199079	200550	
171	199267	200550	
172	195613	200550	
173	199589	200550	
174	195427	200550	
175	199293	200550	
176	200550	200550	
177	199936	200550	
178	200550	200550	
179	200550	200550	
180	197975	200550	
181	200550	200550	
182	200550	200550	
183	200815	200815	
184	200550	200815	
185	198215	200815	
186	200949	200949	
187	201655	201655	
188	199589	201655	
189	199293	201655	
190	198582	201655	
191	201863	201863	
192	200280	201863	
193	200550	201863	
194	198980	201863	
195	199228	201863	
196	202115	202115	
197	201989	202115	
198	201863	202115	
199	200999	202115	
200	198727	202115	
201	202115	202115	
202	202115	202115	
203	198348	202115	
204	201260	202115	
205	200493	202115	
206	199307	202115	
207	201655	202115	
208	202115	202115	
209	202568	202568	
210	200815	202568	
211	200217	202568	
212	199830	202568	
213	199916	202568	
214	202317	202568	
215	200535	202568	
216	202550	202568	
217	198788	202568	
218	201884	202568	
219	202568	202568	
220	199226	202568	
221	200471	202568	
222	200409	202568	
223	202568	202568	
224	200255	202568	
225	200075	202568	
226	200032	202568	
227	202159	202568	
228	202568	202568	
229	202402	202568	
230	197285	202568	
231	202568	202568	
232	201655	202568	
233	202159	202568	
234	200194	202568	
235	202115	202568	
236	201197	202568	
237	200672	202568	
238	202550	202568	
239	202402	202568	
240	202568	202568	
241	202568	202568	
242	202115	202568	
243	198106	202568	
244	202568	202568	
245	202568	202568	
246	202159	202568	
247	202568	202568	
248	199833	202568	
249	202568	202568	
250	199879	202568	
251	199829	202568	
252	197651	202568	
253	202568	202568	
254	202568	202568	
255	198173	202568	
256	198891	202568	
257	202115	202568	
258	202568	202568	
259	200370	202568	
260	202568	202568	
261	200032	202568	
262	202568	202568	
263	199362	202568	
264	202568	202568	
265	202568	202568	
266	202115	202568	
267	202317	202568	
268	202568	202568	
269	199345	202568	
270	202568	202568	
271	202568	202568	
272	202568	202568	
273	202724	202724	
274	202568	202724	
275	202849	202849	
276	202568	202849	
277	202568	202849	
278	199737	202849	
279	199061	202849	
280	202849	202849	
281	202849	202849	
282	202849	202849	
283	200046	202849	
284	202724	202849	
285	200305	202849	
286	199058	202849	
287	199947	202849	
288	202550	202849	
289	202568	202849	
290	202849	202849	
291	200519	202849	
292	201815	202849	
293	202724	202849	
294	199947	202849	
295	201351	202849	
296	198107	202849	
297	201078	202849	
298	202849	202849	
299	202849	202849	
300	201009	202849	
301	201612	202849	
302	201325	202849	
303	199385	202849	
304	201351	202849	
305	202849	202849	
306	202849	202849	
307	200528	202849	
308	202849	202849	
309	202920	202920	
310	202920	202920	
311	201351	202920	
312	202920	202920	
313	200274	202920	
314	202565	202920	
315	199629	202920	
316	200276	202920	
317	202920	202920	
318	202550	202920	
319	201695	202920	
320	202920	202920	
321	202520	202920	
322	202920	202920	
323	201695	202920	
324	200763	202920	
325	202920	202920	
326	202920	202920	
327	201976	202920	
328	200279	202920	
329	202920	202920	
330	202920	202920	
331	200576	202920	
332	201766	202920	
333	202920	202920	
334	202724	202920	
335	201766	202920	
336	202920	202920	
337	202242	202920	
338	202920	202920	
339	202920	202920	
340	202920	202920	
341	202550	202920	
342	202920	202920	
343	202920	202920	
344	199842	202920	
345	201863	202920	
346	202920	202920	
347	202920	202920	
348	202920	202920	
349	202920	202920	
350	202849	202920	
351	202920	202920	
352	202920	202920	
353	202253	202920	
354	202550	202920	
355	202920	202920	
356	199890	202920	
357	202920	202920	
358	201201	202920	
359	202920	202920	
360	202920	202920	
361	201612	202920	
362	200485	202920	
363	202035	202920	
364	202153	202920	
365	202920	202920	
366	200312	202920	
367	202550	202920	
368	199448	202920	
369	200126	202920	
370	202920	202920	
371	202920	202920	
372	202920	202920	
373	202920	202920	
374	199825	202920	
375	198911	202920	
376	202920	202920	
377	202920	202920	
378	199510	202920	
379	202920	202920	
380	200996	202920	
381	199135	202920	
382	202920	202920	
383	199890	202920	
384	202317	202920	
385	202920	202920	
386	202920	202920	
387	202724	202920	
388	202762	202920	
389	202920	202920	
390	202920	202920	
391	202849	202920	
392	202920	202920	
393	202039	202920	
394	202920	202920	
395	202849	202920	
396	202550	202920	
397	202920	202920	
398	202920	202920	
399	202920	202920	
400	198356	202920	
401	202920	202920	
402	202317	202920	
403	202920	202920	
404	202920	202920	
405	202920	202920	
406	203351	203351	
407	202407	203351	
408	202920	203351	
409	202849	203351	
410	202523	203351	
411	200605	203351	
412	200968	203351	
413	202920	203351	
414	202523	203351	
415	202523	203351	
416	200141	203351	
417	202860	203351	
418	200575	203351	
419	200556	203351	
420	201766	203351	
421	200634	203351	
422	200861	203351	
423	202523	203351	
424	202880	203351	
425	202762	203351	
426	197906	203351	
427	203351	203351	
428	202550	203351	
429	202762	203351	
430	203351	203351	
431	203351	203351	
432	200629	203351	
433	202920	203351	
434	203351	203351	
435	203351	203351	
436	203351	203351	
437	201863	203351	
438	198841	203351	
439	203351	203351	
440	202537	203351	
441	202753	203351	
442	203351	203351	
443	202762	203351	
444	203351	203351	
445	201553	203351	
446	203351	203351	
447	203351	203351	
448	202839	203351	
449	203351	203351	
450	203351	203351	
451	203351	203351	
452	203351	203351	
453	200847	203351	
454	203351	203351	
455	203076	203351	
456	203351	203351	
457	202753	203351	
458	203351	203351	
459	201609	203351	
460	203351	203351	
461	200396	203351	
462	203351	203351	
463	203351	203351	
464	203351	203351	
465	203351	203351	
466	203351	203351	
467	199365	203351	
468	203351	203351	
469	203351	203351	
470	203351	203351	
471	203351	203351	
472	203351	203351	
473	201377	203351	
474	203351	203351	
475	203351	203351	
476	201609	203351	
477	203351	203351	
478	200966	203351	
479	203351	203351	
480	203351	203351	
481	203029	203351	
482	203351	203351	
483	203351	203351	
484	203351	203351	
485	203351	203351	
486	203351	203351	
487	200553	203351	
488	203351	203351	
489	203244	203351	
490	203351	203351	
491	200925	203351	
492	203351	203351	
493	203351	203351	
494	203351	203351	
495	203351	203351	
496	203076	203351	
497	202537	203351	
498	203351	203351	
499	203351	203351	
500	202523	203351	
501	203351	203351	
502	203351	203351	
503	202762	203351	
504	203351	203351	
505	202151	203351	
506	203351	203351	
507	198940	203351	
508	203351	203351	
509	202880	203351	
510	202523	203351	
511	203351	203351	
512	203351	203351	
513	203351	203351	
514	203351	203351	
515	202790	203351	
516	203351	203351	
517	203351	203351	
518	203351	203351	
519	203351	203351	
520	203351	203351	
521	203351	203351	
522	203351	203351	
523	203351	203351	
524	203351	203351	
525	203351	203351	
Column 5: 525
Column 6: 525
