jeu_100_25_4.txt_5_popMeanGA	jeu_100_25_4.txt_5_offMeanGA	jeu_100_25_4.txt_5_	jeu_100_25_4.txt_5_bestGAPerIt	jeu_100_25_4.txt_5_popMeanGA	jeu_100_25_4.txt_5_offMeanGA	
0	-69.44	-200.607	-171.707	
1	-40.44	-171.707	-155.157	
2	-40.44	-155.157	-143.34	
3	-40.44	-138.923	-127.873	
4	-26.44	-127.873	-122.14	
5	-20.44	-122.14	-6.28267	
6	6660	-6.28267	334.215	
7	9419	334.215	25.7173	
8	9419	187.475	-110.707	
9	9419	50.684	38.884	
10	9419	199.708	-100.657	
11	9419	60.9507	44.2173	
12	9419	205.591	209.225	
13	9419	209.225	180.875	
14	9419	340.482	890.628	
15	9419	890.628	1673.14	
16	9419	1833.1	2235.37	
17	9419	2395.96	3223.32	
18	9419	3383.66	3281.21	
19	9419	3281.21	3206.19	
20	9419	3206.19	2737.75	
21	9672	2737.75	3129.34	
22	9672	3292.48	3230.47	
23	9672	3393.89	4147.84	
24	9672	4311.35	4786.51	
25	9672	4949.82	4633.3	
26	9672	4796.44	4279.85	
27	9672	4279.85	4807.65	
28	9672	4970.77	5512.25	
29	9672	5675.09	5042.62	
30	9672	5042.62	4742.24	
31	9672	4904.98	4988.36	
32	9672	4988.36	5139.77	
33	10028	5139.77	4769.62	
34	10357	4769.62	5673.37	
35	10425	5673.37	5272.31	
36	10425	5447.45	6447.71	
37	10425	6622.94	6051.88	
38	10425	6226.83	6915.21	
39	10425	6915.21	5887.87	
40	10425	5887.87	5895.65	
41	10425	5895.65	6889.88	
42	10544	6889.88	6327.08	
43	10544	6504.18	5922.36	
44	10992	5922.36	5961.62	
45	10992	6146.11	6034.41	
46	10992	6219.06	7491.86	
47	11216	7491.86	7730.55	
48	11216	7918.4	8424.36	
49	11216	8424.36	8295.66	
50	11458	8295.66	8624.95	
51	11458	8816.71	8110.22	
52	11458	8301.9	7826.03	
53	11952	7826.03	8070.83	
54	12211	8070.83	8328.66	
55	12211	8532.96	7628.34	
56	12211	7833.17	8446.12	
57	12211	8446.12	9636.85	
58	12211	9841.06	8592.47	
59	12211	8796.68	7295.91	
60	12634	7295.91	7883.31	
61	12634	8094.58	7960.41	
62	12634	7960.41	7443.32	
63	12634	7654.75	6472.44	
64	12634	6472.44	8920.41	
65	12636	8920.41	7415.68	
66	12775	7415.68	7581.69	
67	12775	7581.69	8335.2	
68	12775	8548.83	9413.25	
69	12775	9626.96	9728.46	
70	12802	9728.46	9332.68	
71	13017	9332.68	9650.12	
72	13156	9650.12	10819.5	
73	13427	10819.5	9644.23	
74	13427	9868.84	10318.5	
75	13640	10318.5	10631.2	
76	13640	10859	10050.6	
77	13640	10050.6	10546.6	
78	13925	10546.6	10407.1	
79	13985	10407.1	9164.63	
80	13985	9164.63	9172.42	
81	13985	9406.16	8371.24	
82	14095	8371.24	10352.2	
83	14095	10587.8	10151.8	
84	14095	10387.2	11083.7	
85	14095	11319.1	11193.9	
86	14095	11429.5	9422.55	
87	14139	9422.55	8990.59	
88	14139	9227.01	10191.7	
89	14139	10191.7	10906.4	
90	14304	10906.4	11898.9	
91	14304	11898.9	11521.5	
92	14349	11521.5	11809.8	
93	14349	12049.5	11439.8	
94	14349	11439.8	11687.5	
95	14510	11687.5	11284	
96	14510	11284	11561.5	
97	14510	11561.5	10690.4	
98	14716	10690.4	11448.5	
99	14716	11448.5	11956.2	
100	14879	11956.2	11054.7	
101	14879	11054.7	10616.5	
102	14944	10616.5	13539.5	
103	14944	13539.5	12136.8	
104	14944	12136.8	13406.8	
105	14944	13406.8	13261.5	
106	15150	13261.5	12563.3	
107	15150	12563.3	13349.2	
108	15150	13349.2	12954.4	
109	15212	12954.4	11998.1	
110	15212	12252.2	13037.9	
111	15212	13037.9	13565.4	
112	15216	13565.4	13570	
113	15216	13570	13104.4	
114	15216	13104.4	12867	
115	15216	12867	12632.1	
116	15216	12632.1	12652.2	
117	15216	12652.2	12391.5	
118	15216	12391.5	12407.4	
119	15232	12407.4	12160.9	
120	15247	12160.9	11400.2	
121	15247	11400.2	12656	
122	15247	12656	11648.6	
123	15253	11648.6	12426.3	
124	15367	12426.3	13431.6	
125	15367	13431.6	12674	
126	15367	12674	12683	
127	15398	12683	13737.2	
128	15398	13737.2	13235.4	
129	15437	13235.4	12990.7	
130	15437	12990.7	12776	
131	15437	12776	13018.3	
132	15437	13018.3	12546.1	
133	15437	12546.1	11788.1	
134	15437	11788.1	11797.5	
135	15437	11797.5	12823.9	
136	15437	12823.9	12825.3	
137	15587	12825.3	13098.1	
138	15587	13098.1	13113.5	
139	15587	13113.5	14131.6	
140	15587	14131.6	12841.7	
141	15587	12841.7	13354.4	
142	15587	13354.4	13365.7	
143	15587	13365.7	13114.8	
144	15694	13114.8	12867.4	
145	15694	12867.4	12881.7	
146	15694	12881.7	12406.1	
147	15694	12406.1	11392.5	
148	15694	11392.5	12172.7	
149	15694	12172.7	11936.6	
150	15694	11936.6	13528	
151	15694	13528	13023.6	
152	15694	13023.6	13297.2	
153	15694	13297.2	13570.2	
154	15694	13570.2	13836.1	
155	15694	13836.1	14107	
156	15694	14107	13830.2	
157	15694	13830.2	13577.3	
158	15694	13577.3	13063	
159	15694	13063	13284.6	
160	15694	13284.6	13289.9	
161	15694	13289.9	12016.9	
162	15694	12016.9	11763.5	
163	15694	11763.5	13064.5	
164	15694	13064.5	13827.5	
165	15694	13827.5	13840.5	
166	15694	13840.5	11759.4	
167	15694	11759.4	12267.4	
168	15694	12267.4	14090.1	
169	15694	14090.1	13044.3	
170	15694	13044.3	14370.9	
171	15694	14370.9	13044.1	
172	15694	13044.1	12011.9	
173	15694	12011.9	12798.7	
174	15851	12798.7	12284.2	
175	15851	12549.2	13589.4	
176	15851	13589.4	14118.1	
177	15851	14118.1	13330	
178	15851	13330	12033	
179	15851	12033	12543.9	
180	15851	12543.9	13863.5	
181	15851	13863.5	13351.1	
182	15851	13351.1	12863.9	
183	15851	12863.9	13924	
184	15851	13924	13942.2	
185	15851	13942.2	13684.4	
186	15851	13684.4	13970.5	
187	15851	13970.5	13200.1	
188	15851	13200.1	13714.2	
189	15851	13714.2	13162.1	
190	15851	13162.1	13447.3	
191	15851	13447.3	13409.1	
192	15851	13409.1	13436.8	
193	15851	13436.8	12122.6	
194	15851	12122.6	12137.8	
195	15851	12137.8	12661.1	
196	15851	12661.1	12917.1	
197	15851	12917.1	13712.7	
198	15851	13712.7	13434.6	
199	15851	13434.6	12922.8	
200	15851	12922.8	13724.1	
201	15851	13724.1	13988.6	
202	15851	13988.6	12932.5	
203	15851	12932.5	13721.7	
204	15851	13721.7	13459.5	
205	15851	13459.5	12934.2	
206	15851	12934.2	12410.5	
207	15851	12410.5	13460.3	
208	15851	13460.3	14744.2	
209	15851	14744.2	12916.5	
210	15851	12916.5	13193	
211	15851	13193	11872.4	
212	15851	11872.4	11875.1	
213	15851	11875.1	13719.5	
214	15851	13719.5	13707.9	
215	15851	13707.9	14759.8	
216	15851	14759.8	13949.2	
217	15851	13949.2	13707.6	
218	15851	13707.6	11074	
219	15851	11074	12404.8	
220	15851	12404.8	13967.5	
221	15851	13967.5	15270.1	
222	15874	15270.1	14767.6	
223	15874	15032.8	13178.4	
224	15874	13178.4	13970.8	
225	15874	13970.8	14240.5	
226	15874	14240.5	13449.4	
227	15874	13449.4	13466.2	
228	15874	13466.2	14002.4	
229	15874	14002.4	13199.2	
230	15874	13199.2	13744	
231	16060	13744	13212.9	
232	16060	13212.9	13211.6	
233	16060	13211.6	13773.1	
234	16060	13773.1	14878.1	
235	16130	14878.1	14396.5	
236	16130	14396.5	14435.6	
237	16130	14435.6	14442.5	
238	16130	14442.5	13379.5	
239	16130	13379.5	14201.8	
240	16130	14201.8	13149.6	
241	16130	13149.6	13118.2	
242	16130	13118.2	13643.1	
243	16130	13643.1	15015.9	
244	16130	15015.9	14492.8	
245	16130	14492.8	13950.6	
246	16130	13950.6	12617	
247	16130	12617	13389.7	
248	16130	13389.7	13936.5	
249	16130	13936.5	14483.4	
250	16130	14483.4	12616.6	
251	16130	12616.6	13428	
252	16158	13428	12616.2	
253	16158	12886.7	13951.8	
254	16158	13951.8	11002.9	
255	16165	11002.9	13420.6	
256	16165	13690.5	13972.6	
257	16165	13972.6	13707.6	
258	16165	13707.6	13984.9	
259	16165	13984.9	13701.2	
260	16165	13701.2	12641.3	
261	16165	12641.3	14252.2	
262	16165	14252.2	13178.1	
263	16165	13178.1	13715.8	
264	16165	13715.8	14251.4	
265	16165	14251.4	13723.8	
266	16165	13723.8	14260.1	
267	16165	14260.1	13450.2	
268	16165	13450.2	14532	
269	16165	14532	14510.3	
270	16165	14510.3	13435.3	
271	16165	13435.3	13990.6	
272	16165	13990.6	13708.1	
273	16165	13708.1	12367.2	
274	16165	12367.2	15068.1	
275	16165	15068.1	13458.3	
276	16165	13458.3	14259.1	
277	16603	14259.1	13472.8	
278	16603	13472.8	14266.7	
279	16603	14266.7	13175.8	
280	16603	13175.8	13157.4	
281	16603	13434.9	12655.2	
282	16603	12655.2	14531.6	
283	16603	14531.6	12976.8	
284	16603	12976.8	14118.8	
285	16603	14118.8	13894	
286	16603	13894	13938.2	
287	16728	13938.2	13688.6	
288	16728	13968.1	13459.9	
289	16728	13459.9	14014.4	
290	16728	14014.4	14025	
291	16728	14304.6	14086	
292	16728	14086	13823.1	
293	16728	13823.1	13303.1	
294	16728	13303.1	13311.4	
295	16728	13311.4	13869.7	
296	16728	13869.7	14447.5	
297	16728	14447.5	13083.8	
298	16728	13083.8	13922.8	
299	16747	13922.8	13082.6	
300	16747	13082.6	14485.1	
301	16747	14485.1	13907.1	
302	16747	13907.1	12819.5	
303	16747	12819.5	14189.9	
304	16747	14189.9	14750.4	
305	16762	14750.4	14482.9	
306	16762	14482.9	11988.4	
307	16762	11988.4	12539.5	
308	16762	12539.5	12828.6	
309	16762	12828.6	13637.7	
310	16762	13637.7	14224.3	
311	16762	14224.3	13939.1	
312	16762	14219.3	15059.3	
313	16762	15059.3	13102.6	
314	16762	13102.6	14767.4	
315	16762	14767.4	13653.3	
316	16762	13653.3	13659.1	
317	16762	13659.1	13385.7	
318	16762	13385.7	13080.9	
319	16762	13080.9	13642.1	
320	16762	13642.1	14485.3	
321	16762	14485.3	12820.7	
322	16762	12820.7	12536.8	
323	16762	12536.8	13912.1	
324	16762	13912.1	12258.7	
325	16762	12258.7	12818.3	
326	16762	12818.3	13392.4	
327	16762	13392.4	14511.7	
328	16762	14511.7	14212.1	
329	16762	14212.1	14513.7	
330	16762	14513.7	13959.4	
331	16762	13959.4	14506	
332	16762	14506	15347	
333	16762	15347	13666.9	
334	16762	13666.9	13670.4	
335	16762	13670.4	14195.8	
336	16762	14195.8	13101.5	
337	16762	13101.5	13091.3	
338	16762	13091.3	13359.4	
339	16762	13359.4	12803.1	
340	16762	12803.1	15039.7	
341	16762	15039.7	13666	
342	16762	13666	13950.4	
343	16762	13950.4	13657.4	
344	16762	13657.4	14213.7	
345	16762	14213.7	13656.9	
346	16762	13656.9	13118.7	
347	16762	13118.7	14220.1	
348	16762	14220.1	13958.1	
349	16762	13958.1	13958.6	
350	16762	13958.6	13125.2	
351	16762	13125.2	13111.4	
352	16762	13111.4	14793.8	
353	16762	14793.8	12556.6	
354	16762	12556.6	13397.8	
355	16762	13397.8	13387.3	
356	16762	13387.3	13369.7	
357	16762	13369.7	13941.7	
358	16762	13941.7	13656	
359	16762	13656	13123	
360	16762	13123	12824.4	
361	16762	12824.4	13678.4	
362	16762	13678.4	13678.1	
363	16762	13678.1	14509	
364	16762	14509	12263.7	
365	16762	12263.7	13672.1	
366	16762	13672.1	13644.3	
367	16762	13644.3	14233.1	
368	16762	14233.1	13385.9	
369	16762	13385.9	13951.4	
370	16762	13951.4	13948.5	
371	16762	13948.5	13676.4	
372	16762	13676.4	14508.1	
373	16762	14508.1	14236.1	
374	16762	14236.1	11440.8	
375	16762	11440.8	12824.6	
376	16762	12824.6	14787.9	
377	16762	14787.9	14778.5	
378	16762	14778.5	13677.9	
379	16762	13677.9	12844.6	
380	16762	12844.6	13944.6	
381	16762	13944.6	15329.3	
382	16762	15329.3	13683.5	
383	16762	13683.5	12824.8	
384	16762	12824.8	13374.7	
385	16762	13374.7	14505.4	
386	16762	14505.4	14508.3	
387	16762	14508.3	13118.2	
388	16762	13118.2	13946.2	
389	16762	13946.2	14487.8	
390	16762	14487.8	14801.6	
391	16762	14801.6	12842.6	
392	16762	12842.6	13674.2	
393	16762	13674.2	13669	
394	16762	13669	11969.6	
395	16762	11969.6	13634	
396	16762	13634	14785.1	
397	16762	14785.1	13947.2	
398	16762	13947.2	14242.8	
399	16762	14242.8	15062.3	
400	16762	15062.3	12837.5	
401	16762	12837.5	12822.1	
402	16762	12822.1	13382.4	
403	16762	13382.4	13385.1	
404	16762	13385.1	13947.1	
405	16762	13947.1	14221.2	
406	16762	14221.2	13951.3	
407	16762	13951.3	13369.4	
408	16762	13369.4	13935.4	
409	16762	13935.4	14212.2	
410	16762	14212.2	15062.1	
411	16762	15062.1	14484.9	
412	16762	14484.9	13110.1	
413	16762	13110.1	14503.5	
414	16762	14503.5	14231.3	
415	16762	14231.3	14501.5	
416	16762	14501.5	13662.4	
417	16762	13662.4	13391.1	
418	16762	13391.1	12542.7	
419	16762	12542.7	14783.2	
420	16762	14783.2	14780.1	
421	16762	14780.1	13955.6	
422	16762	13955.6	14774.7	
423	16762	14774.7	13124.7	
424	16762	13124.7	13958.8	
425	16762	13958.8	13395.6	
426	16762	13395.6	14791.1	
427	16762	14791.1	13670	
428	16762	13670	12558.1	
429	16762	12558.1	13099.7	
430	16762	13099.7	14766.4	
431	16762	14766.4	15311.4	
432	16762	15311.4	14518.5	
433	16762	14518.5	13395.8	
434	16762	13395.8	12839.3	
435	16762	12839.3	12562.5	
436	16762	12562.5	12553.3	
437	16762	12553.3	13101.7	
438	16762	13101.7	12814.9	
439	16762	12814.9	12812.4	
440	16762	12812.4	13652.7	
441	16762	13652.7	13376.4	
442	16762	13376.4	13932.5	
443	16762	13932.5	12801.4	
444	16762	12801.4	13105.5	
445	16762	13105.5	15064.6	
446	16762	15064.6	13103.9	
447	16762	13103.9	13107.5	
448	16762	13107.5	13402.1	
449	16762	13402.1	14233.2	
450	16762	14233.2	13956.7	
451	16762	13956.7	13097.9	
452	16762	13097.9	13654.7	
453	16762	13654.7	13388.1	
454	16762	13388.1	13379.5	
455	16762	13379.5	13403.5	
456	16762	13403.5	13952	
457	16762	13952	14208.6	
458	16762	14208.6	13685.7	
459	16762	13685.7	11984	
460	16762	11984	11990.8	
461	16762	11990.8	13374.1	
462	16762	13374.1	13369.1	
463	16762	13369.1	14482.8	
464	16762	14482.8	14235.5	
465	16762	14235.5	13679	
466	16762	13679	13120.2	
467	16762	13120.2	12828.7	
468	16762	12828.7	12835.8	
469	16762	12835.8	13673.8	
470	16762	13673.8	14761.9	
471	16762	14761.9	14242.9	
472	16762	14242.9	13379	
473	16762	13379	14241.9	
474	16762	14241.9	14505.8	
475	16762	14505.8	14226.1	
476	16762	14226.1	14214.9	
477	16762	14214.9	13370.8	
478	16762	13370.8	15336.1	
479	16762	15336.1	13668.7	
480	16762	13668.7	13668.6	
481	16762	13668.6	14499.6	
482	16762	14499.6	12538.3	
483	16762	12538.3	14230	
484	16762	14230	13941.8	
485	16762	13941.8	14210.8	
486	16762	14210.8	13380.8	
487	16762	13380.8	14219.9	
488	16762	14219.9	14240	
489	16762	14240	13948.4	
490	16762	13948.4	13389.8	
491	16762	13389.8	12821.8	
492	16762	12821.8	13385	
493	16762	13385	13655.5	
494	16762	13655.5	14222.2	
495	16762	14222.2	15051.3	
496	16762	15051.3	12827.7	
497	16762	12827.7	14773.8	
498	16762	14773.8	13363.8	
499	16762	13363.8	12270.9	
500	16762	12270.9	13389.6	
501	16762	13389.6	11158.2	
502	16762	11158.2	12269	
503	16762	12269	14484.6	
504	16762	14484.6	14488.9	
505	16762	14488.9	13950.1	
506	16762	13950.1	14243.5	
507	16762	14243.5	12840	
508	16762	12840	14239.2	
509	16762	14239.2	13674.7	
510	16762	13674.7	15911.7	
511	16762	15911.7	14524.1	
512	16762	14524.1	13958	
513	16762	13958	14220.6	
514	16762	14220.6	14785.7	
515	16762	14785.7	14779	
516	16762	14779	13098.7	
517	16762	13098.7	12527.4	
518	16762	12527.4	12227.4	
519	16762	12227.4	13598.8	
520	16762	13598.8	13904.1	
521	16762	13904.1	15592.8	
522	16762	15592.8	14503.7	
523	16762	14503.7	13385.1	
524	16762	13385.1	13665.8	
525	16762	13665.8	13100.1	
526	16762	13100.1	11440.3	
527	16762	11440.3	12001	
528	16762	12001	13947	
529	16762	13947	13954.1	
530	16762	13954.1	14244.1	
531	16762	14244.1	14789.2	
532	16762	14789.2	14235.3	
533	16762	14235.3	14231.1	
534	16762	14231.1	11999.4	
535	16762	11999.4	15352.3	
536	16762	15352.3	14231.2	
537	16762	14231.2	14242.9	
538	16762	14242.9	13112.1	
539	16762	13112.1	13117.3	
540	16762	13117.3	13677.3	
541	16762	13677.3	14217.7	
542	16762	14217.7	13936.9	
543	16762	13936.9	14771.7	
544	16762	14771.7	14208.6	
545	16762	14208.6	14241.8	
546	16762	14241.8	15083	
547	16762	15083	13105.3	
548	16762	13105.3	14501.1	
549	16762	14501.1	12537.3	
550	16762	12537.3	13941	
551	16762	13941	13669.5	
552	16762	13669.5	13388.4	
553	16762	13388.4	13932.7	
554	16762	13932.7	13673.7	
555	16762	13673.7	13958.6	
556	16762	13958.6	12821.1	
557	16762	12821.1	13951.3	
558	16762	13951.3	13405.2	
559	16762	13405.2	13944.4	
560	16762	13944.4	13943.6	
561	16762	13943.6	14231.3	
562	16762	14231.3	13109.5	
563	16762	13109.5	13671.7	
564	16762	13671.7	12832	
565	16762	12832	14499.1	
566	16762	14499.1	14213.8	
567	16762	14213.8	14230.2	
568	16762	14230.2	11971.1	
569	16762	11971.1	13097.6	
570	16762	13097.6	13395.4	
571	16762	13395.4	13944.4	
572	16762	13944.4	14242.9	
573	16762	14242.9	15075.9	
574	16762	15075.9	13956.3	
575	16762	13956.3	14232.5	
576	16762	14232.5	13401.3	
577	16762	13401.3	12832.2	
578	16762	12832.2	14236.3	
579	16762	14236.3	11994.6	
580	16762	11994.6	12560.3	
581	16762	12560.3	13395.3	
582	16762	13395.3	13660.1	
583	16762	13660.1	15067.1	
584	16762	15067.1	13382.7	
585	16762	13382.7	13938.9	
586	16762	13938.9	15060.8	
587	16762	15060.8	14773.9	
588	16762	14773.9	14496.4	
589	16762	14496.4	14513.9	
590	16762	14513.9	13087.8	
591	16762	13087.8	13963	
592	16762	13963	14243.7	
593	16762	14243.7	13391.8	
594	16762	13391.8	14799.2	
595	16762	14799.2	14218.9	
596	16762	14218.9	14229.7	
597	16762	14229.7	13096.5	
598	16762	13096.5	12536.8	
599	16762	12536.8	13648.5	
600	16762	13648.5	13664.5	
601	16762	13664.5	14512	
602	16762	14512	12839.8	
603	16762	12839.8	13675.9	
604	16762	13675.9	13951.1	
605	16762	13951.1	14511.5	
606	16762	14511.5	14518.2	
607	16762	14518.2	13113.5	
608	16762	13113.5	13946.3	
609	16762	13946.3	14505.7	
610	16762	14505.7	15065.3	
611	16762	15065.3	14501.9	
612	16762	14501.9	14224.4	
613	16762	14224.4	13952.8	
614	16762	13952.8	14228.9	
615	16762	14228.9	13674.4	
616	16762	13674.4	12830	
617	16762	12830	14215.8	
618	16762	14215.8	14761.8	
619	16762	14761.8	14766.6	
620	16762	14766.6	13659.1	
621	16762	13659.1	13657.4	
622	16762	13657.4	14230	
623	16762	14230	13667.7	
624	16762	13667.7	13675	
625	16762	13675	13943	
626	16762	13943	13399.2	
627	16762	13399.2	12835.5	
628	16762	12835.5	13381.4	
629	16762	13381.4	11716.4	
630	16762	11716.4	11431.3	
631	16762	11431.3	12553.6	
632	16762	12553.6	12542.4	
633	16762	12542.4	14192.8	
634	16762	14192.8	13356.2	
635	16762	13356.2	14779.2	
636	16762	14779.2	14508.5	
637	16762	14508.5	13959.8	
638	16762	13959.8	14238	
639	16762	14238	13112.2	
640	16762	13112.2	12271.7	
641	16762	12271.7	12258.1	
642	16762	12258.1	14503.4	
643	16762	14503.4	14798	
644	16762	14798	14522.9	
645	16762	14522.9	13107.2	
646	16762	13107.2	13648.5	
647	16762	13648.5	13378.4	
648	16762	13378.4	13903.1	
649	16762	13903.1	14194.2	
650	16762	14194.2	13077.7	
651	16762	13077.7	14181.9	
652	16762	14181.9	14183.5	
653	16762	14183.5	14219.7	
654	16762	14219.7	14489.4	
655	16762	14489.4	12269.9	
656	16762	12269.9	13663	
657	16762	13663	13662.5	
658	16762	13662.5	12544.1	
659	16762	12544.1	12255.8	
660	16762	12255.8	11986.4	
661	16762	11986.4	11434.9	
662	16762	11434.9	11722.1	
663	16762	11722.1	11980.4	
664	16762	11980.4	11698.5	
665	16762	11698.5	13641.2	
666	16762	13641.2	14785	
667	16762	14785	14493.8	
668	16762	14493.8	13945.1	
669	16762	13945.1	14242.1	
670	16762	14242.1	12833.1	
671	16762	12833.1	12533.5	
672	16762	12533.5	13675.4	
673	16762	13675.4	12539.8	
674	16762	12539.8	13939.9	
675	16762	13939.9	14802.1	
676	16762	14802.1	14228.4	
677	16762	14228.4	13946.7	
678	16762	13946.7	15618	
679	16762	15618	15636.2	
680	16762	15636.2	13654.9	
681	16762	13654.9	15061.2	
682	16762	15061.2	13656.9	
683	16762	13656.9	14486.9	
684	16762	14486.9	14231.1	
685	16762	14231.1	14767.4	
686	16762	14767.4	13665.5	
687	16762	13665.5	13404.7	
688	16762	13404.7	13377.9	
689	16762	13377.9	13362.5	
690	16762	13362.5	12805.6	
691	16762	12805.6	15047.2	
692	16762	15047.2	15064.9	
693	16762	15064.9	15611.7	
694	16762	15611.7	13675.1	
695	16762	13675.1	13945.9	
696	16762	13945.9	13399.1	
697	16762	13399.1	13105.8	
698	16762	13105.8	15063.9	
699	16762	15063.9	15618.4	
700	16762	15618.4	14793	
701	16762	14793	13378.3	
702	16762	13378.3	13948.6	
703	16762	13948.6	13357.5	
704	16762	13357.5	14486.2	
705	16762	14486.2	13935	
706	16762	13935	13655.9	
707	16762	13655.9	12280	
708	16762	12280	13379.8	
709	16762	13379.8	13638.8	
710	16762	13638.8	14231.9	
711	16762	14231.9	16161.5	
712	16762	16161.5	12833.9	
713	16762	12833.9	12814.1	
714	16762	12814.1	13674	
715	16762	13674	12837.5	
716	16762	12837.5	13674.8	
717	16762	13674.8	12828	
718	16762	12828	13958.9	
719	16762	13958.9	13672.7	
720	16762	13672.7	12824.5	
721	16762	12824.5	13647.4	
722	16762	13647.4	13948	
723	16762	13948	13661.3	
724	16762	13661.3	14518.8	
725	16762	14518.8	13956.4	
726	16762	13956.4	13672.7	
727	16762	13672.7	12273.9	
728	16762	12273.9	13390	
729	16762	13390	13653.6	
730	16762	13653.6	13122.4	
731	16762	13122.4	13675.3	
732	16762	13675.3	12830.8	
733	16762	12830.8	12802.9	
734	16762	12802.9	12530.8	
735	16762	12530.8	12527.2	
736	16762	12527.2	13095.5	
737	16762	13095.5	13385.3	
738	16762	13385.3	14241.1	
739	16762	14241.1	13391.7	
740	16762	13391.7	12839.8	
741	16762	12839.8	12829	
742	16762	12829	13118.1	
743	16762	13118.1	14509.1	
744	16762	14509.1	14242	
745	16762	14242	14235.1	
746	16762	14235.1	15082.9	
747	16762	15082.9	13123.4	
748	16762	13123.4	14242.7	
749	16762	14242.7	15075.5	
750	16762	15075.5	13675.9	
751	16762	13675.9	15349.8	
752	16762	15349.8	13668.3	
753	16762	13668.3	11991.6	
754	16762	11991.6	12528.9	
755	16762	12528.9	13641.9	
756	16762	13641.9	13661	
757	16762	13661	12833.2	
758	16762	12833.2	14774.9	
759	16762	14774.9	14492.8	
760	16762	14492.8	13950.8	
761	16762	13950.8	12822.3	
762	16762	12822.3	13112.9	
763	16762	13112.9	13385.1	
764	16762	13385.1	13661.6	
765	16762	13661.6	13086.6	
766	16762	13086.6	13352.6	
767	16762	13352.6	14195.3	
768	16762	14195.3	15076.5	
769	16762	15076.5	14518.7	
770	16762	14518.7	14232	
771	16762	14232	12259.7	
772	16762	12259.7	12255.5	
773	16762	12255.5	14223	
774	16762	14223	14497.4	
775	16762	14497.4	13387.7	
776	16762	13387.7	13952.8	
777	16762	13952.8	14520.3	
778	16762	14520.3	13677.2	
779	16762	13677.2	13114.5	
780	16762	13114.5	12826	
781	16762	12826	12814.7	
782	16762	12814.7	13663.2	
783	16762	13663.2	13653.7	
784	16762	13653.7	11973.6	
785	16762	11973.6	13384	
786	16762	13384	14792.6	
787	16762	14792.6	14244.3	
788	16762	14244.3	15641.8	
789	16762	15641.8	13684.2	
790	16762	13684.2	13372.7	
791	16762	13372.7	14219.7	
792	16762	14219.7	15309.7	
793	16762	15309.7	14792.8	
794	16762	14792.8	13378.5	
795	16762	13378.5	13661.1	
796	16762	13661.1	13398.2	
797	16762	13398.2	12552.8	
798	16762	12552.8	13391.2	
799	16762	13391.2	13388.6	
800	16762	13388.6	13653.3	
801	16762	13653.3	13655.6	
802	16762	13655.6	13385.7	
803	16762	13385.7	12542.3	
804	16762	12542.3	12817.9	
805	16762	12817.9	14508.1	
806	16762	14508.1	14514.1	
807	16762	14514.1	14244	
808	16762	14244	13951.3	
809	16762	13951.3	14795.4	
810	16762	14795.4	15066.8	
811	16762	15066.8	14201.8	
812	16762	14201.8	13926	
813	16762	13926	14210.7	
814	16762	14210.7	13932.8	
815	16762	13932.8	12822.3	
816	16762	12822.3	13959.9	
817	16762	13959.9	14511.3	
818	16762	14511.3	13675.1	
819	16762	13675.1	13660	
820	16762	13660	14224.7	
821	16762	14224.7	12829.3	
822	16762	12829.3	14774.5	
823	16762	14774.5	13667	
824	16762	13667	12540.6	
825	16762	12540.6	14205.2	
826	16762	14205.2	14508.8	
827	16762	14508.8	15054.8	
828	16762	15054.8	13368.4	
829	16762	13368.4	15891.5	
830	16762	15891.5	14509.5	
831	16762	14509.5	13362	
832	16762	13362	13387	
833	16762	13387	13649.9	
834	16762	13649.9	13943.5	
835	16762	13943.5	13947.7	
836	16762	13947.7	13092.6	
837	16762	13092.6	13949.2	
838	16762	13949.2	13387.4	
839	16762	13387.4	12538.8	
840	16762	12538.8	13123	
841	16762	13123	15054.7	
842	16762	15054.7	13956.9	
843	16762	13956.9	13958.3	
844	16762	13958.3	14215.9	
845	16762	14215.9	13938.3	
846	16762	13938.3	13096.2	
847	16762	13096.2	12832.4	
848	16762	12832.4	12265.9	
849	16762	12265.9	13125.5	
850	16762	13125.5	13949.2	
851	16762	13949.2	14506.5	
852	16762	14506.5	12815.7	
853	16762	12815.7	12522.8	
854	16762	12522.8	13120.8	
855	16762	13120.8	13393.5	
856	16762	13393.5	13104.5	
857	16762	13104.5	13380.5	
858	16762	13380.5	14232.6	
859	16762	14232.6	14514.7	
860	16762	14514.7	14234.5	
861	16762	14234.5	13960.3	
862	16762	13960.3	14225.6	
863	16762	14225.6	13401.6	
864	16762	13401.6	12280.6	
865	16762	12280.6	13670.7	
866	16762	13670.7	13950.5	
867	16762	13950.5	13104.5	
868	16762	13104.5	13650.3	
869	16762	13650.3	13109.5	
870	16762	13109.5	13392.4	
871	16762	13392.4	15054.2	
872	16762	15054.2	13379.9	
873	16762	13379.9	13667.9	
874	16762	13667.9	12279.1	
875	16762	12279.1	15063.2	
876	16762	15063.2	14792.8	
877	16762	14792.8	12534.5	
878	16762	12534.5	14492	
879	16762	14492	13924.7	
880	16762	13924.7	13930.3	
881	16762	13930.3	13385	
882	16762	13385	14507.5	
883	16762	14507.5	13398	
884	16762	13398	13953.4	
885	16762	13953.4	13666.7	
886	16762	13666.7	13084.4	
887	16762	13084.4	13667.6	
888	16762	13667.6	13110.1	
889	16762	13110.1	12823.4	
890	16762	12823.4	15626.5	
891	16762	15626.5	14789.4	
892	16762	14789.4	15339.6	
893	16762	15339.6	15361.9	
894	16762	15361.9	12546.8	
895	16762	12546.8	13100.9	
896	16762	13100.9	11988.2	
897	16762	11988.2	13101.9	
898	16762	13101.9	13385.3	
899	16762	13385.3	12833.7	
900	16762	12833.7	13950.7	
901	16762	13950.7	14497.9	
902	16762	14497.9	14501.8	
903	16762	14501.8	12839	
904	16762	12839	15326.3	
905	16762	15326.3	13116.4	
906	16762	13116.4	13955.7	
907	16762	13955.7	14225.8	
908	16762	14225.8	13117.7	
909	16762	13117.7	14226	
910	16762	14226	15339.2	
911	16762	15339.2	13666.5	
912	16762	13666.5	13382.2	
913	16762	13382.2	13662.9	
914	16762	13662.9	14224.8	
915	16762	14224.8	14227.6	
916	16762	14227.6	14217.4	
917	16762	14217.4	13110	
918	16762	13110	13644	
919	16762	13644	14219.1	
920	16762	14219.1	13650.5	
921	16762	13650.5	13943.7	
922	16762	13943.7	14238.3	
923	16762	14238.3	13669.8	
924	16762	13669.8	14777.2	
925	16762	14777.2	13948.2	
926	16762	13948.2	11437.4	
927	16762	11437.4	13961	
928	16762	13961	14239.5	
929	16762	14239.5	12822.3	
930	16762	12822.3	12243.5	
931	16762	12243.5	13087.8	
932	16762	13087.8	13925.9	
933	16762	13925.9	13653.8	
934	16762	13653.8	13678.3	
935	16762	13678.3	13403.2	
936	16762	13403.2	13669.6	
937	16762	13669.6	15346.8	
938	16762	15346.8	13942.4	
939	16762	13942.4	14231.8	
940	16762	14231.8	12844.1	
941	16762	12844.1	13683.7	
942	16762	13683.7	12270.2	
943	16762	12270.2	14763.3	
944	16762	14763.3	11692.4	
945	16762	11692.4	12808.2	
946	16762	12808.2	13627.6	
947	16762	13627.6	15039.7	
948	16762	15039.7	13942.6	
949	16762	13942.6	12545.5	
950	16762	12545.5	14492	
951	16762	14492	12836.1	
952	16762	12836.1	14211.1	
953	16762	14211.1	14203.8	
954	16762	14203.8	12773.3	
955	16762	12773.3	15628.3	
956	16762	15628.3	14223	
957	16762	14223	14483.1	
958	16762	14483.1	14204.3	
959	16762	14204.3	14198.6	
960	16762	14198.6	14229.2	
961	16762	14229.2	13949.6	
962	16762	13949.6	13674.1	
963	16762	13674.1	12811	
964	16762	12811	15330.1	
965	16762	15330.1	14237	
966	16762	14237	13671.9	
967	16762	13671.9	14514.4	
968	16762	14514.4	14792.2	
969	16762	14792.2	14789.5	
970	16762	14789.5	13671.7	
971	16762	13671.7	12832.5	
972	16762	12832.5	12551.6	
973	16762	12551.6	13110.3	
974	16762	13110.3	12825.7	
975	16762	12825.7	12808.2	
976	16762	12808.2	12535.2	
977	16762	12535.2	13101	
978	16762	13101	13399.3	
979	16762	13399.3	14509.9	
980	16762	14509.9	15050	
981	16762	15050	13679.7	
982	16762	13679.7	13401.5	
983	16762	13401.5	14236.3	
984	16762	14236.3	13936.4	
985	16762	13936.4	14482.3	
986	16762	14482.3	14785	
987	16762	14785	12837	
988	16762	12837	13108.3	
989	16762	13108.3	15350.2	
990	16762	15350.2	13947.2	
991	16762	13947.2	13111.9	
992	16762	13111.9	13953.7	
993	16762	13953.7	14510.9	
994	16762	14510.9	13387.1	
995	16762	13387.1	12818.3	
996	16762	12818.3	13070.2	
997	16762	13070.2	13349.3	
998	16762	13349.3	14215.2	
999	16762	14215.2	14489.1	
1000	16762	14489.1	13087.7	
1001	16762	13087.7	13936.5	
1002	16762	13936.5	14514.5	
1003	16762	14514.5	13381.9	
1004	16762	13381.9	12258.6	
1005	16762	12258.6	12819	
1006	16762	12819	13664.7	
1007	16762	13664.7	13945.3	
1008	16762	13945.3	14218.8	
1009	16762	14218.8	13095.5	
1010	16762	13095.5	14517.1	
1011	16762	14517.1	14511	
1012	16762	14511	14506.4	
1013	16762	14506.4	14237.1	
1014	16762	14237.1	14224.7	
1015	16762	14224.7	15331.5	
1016	16762	15331.5	13383.3	
1017	16762	13383.3	14217.3	
1018	16762	14217.3	14224.8	
1019	16762	14224.8	13385.2	
1020	16762	13385.2	13404.4	
1021	16762	13404.4	13952.8	
1022	16762	13952.8	14231.7	
1023	16762	14231.7	14232	
1024	16762	14232	14502.3	
1025	16762	14502.3	14224.1	
1026	16762	14224.1	13395	
1027	16762	13395	14793.9	
1028	16762	14793.9	14497.9	
1029	16762	14497.9	12824.2	
1030	16762	12824.2	13945	
1031	16762	13945	14776.8	
1032	16762	14776.8	14232.1	
1033	16762	14232.1	13947.3	
1034	16762	13947.3	14219.4	
1035	16762	14219.4	13674.3	
1036	16762	13674.3	12822.9	
1037	16762	12822.9	13369.6	
1038	16762	13369.6	13939.1	
1039	16762	13939.1	14510.3	
1040	16762	14510.3	14790.9	
1041	16762	14790.9	14800.1	
1042	16762	14800.1	15071.1	
1043	16762	15071.1	13387.5	
1044	16762	13387.5	11990.7	
1045	16762	11990.7	13648.7	
1046	16762	13648.7	13081.5	
1047	16762	13081.5	11985.7	
1048	16762	11985.7	10871.2	
1049	16762	10871.2	13370.7	
1050	16762	13370.7	14178.4	
1051	16762	14178.4	13652.7	
1052	16762	13652.7	13644.6	
1053	16762	13644.6	12551.8	
1054	16762	12551.8	13384.6	
1055	16762	13384.6	13103.5	
1056	16762	13103.5	13646.2	
1057	16762	13646.2	13646.5	
1058	16762	13646.5	14509.2	
1059	16762	14509.2	13403.7	
1060	16762	13403.7	13102.8	
1061	16762	13102.8	13662.4	
1062	16762	13662.4	13373.8	
1063	16762	13373.8	12540.2	
1064	16762	12540.2	14207	
1065	16762	14207	13677.5	
1066	16762	13677.5	12836.5	
1067	16762	12836.5	14518.9	
1068	16762	14518.9	13675.7	
1069	16762	13675.7	13384.9	
1070	16762	13384.9	13648.6	
1071	16762	13648.6	12537.7	
1072	16762	12537.7	14467.8	
1073	16762	14467.8	13939.6	
1074	16762	13939.6	14778.1	
1075	16762	14778.1	14234.6	
1076	16762	14234.6	14790.2	
1077	16762	14790.2	15046.5	
1078	16762	15046.5	13116.6	
1079	16762	13116.6	12538.8	
1080	16762	12538.8	12555.7	
1081	16762	12555.7	13390.5	
1082	16762	13390.5	13381.6	
1083	16762	13381.6	13104	
1084	16762	13104	14201.1	
1085	16762	14201.1	13925.8	
1086	16762	13925.8	15053.7	
1087	16762	15053.7	14228.4	
1088	16762	14228.4	13662.9	
1089	16762	13662.9	12561.8	
1090	16762	12561.8	13401.1	
1091	16762	13401.1	11715.1	
1092	16762	11715.1	11983	
1093	16762	11983	14790.3	
1094	16762	14790.3	14232.2	
1095	16762	14232.2	12248.3	
1096	16762	12248.3	13673.8	
1097	16762	13673.8	12835.5	
1098	16762	12835.5	13384.6	
1099	16762	13384.6	13111	
1100	16762	13111	13094.1	
1101	16762	13094.1	14228.4	
1102	16762	14228.4	13393.7	
1103	16762	13393.7	13678.8	
1104	16762	13678.8	14778.4	
1105	16762	14778.4	13941.5	
1106	16762	13941.5	15042.3	
1107	16762	15042.3	13668.7	
1108	16762	13668.7	14219	
1109	16762	14219	13955.5	
1110	16762	13955.5	13402.9	
1111	16762	13402.9	14803.4	
1112	16762	14803.4	12838.2	
1113	16762	12838.2	13398.7	
1114	16762	13398.7	14786.1	
1115	16762	14786.1	14504.9	
1116	16762	14504.9	14232.3	
1117	16762	14232.3	13950.7	
1118	16762	13950.7	13946.6	
1119	16762	13946.6	12273.6	
1120	16762	12273.6	13123.6	
1121	16762	13123.6	13395.7	
1122	16762	13395.7	13098.7	
1123	16762	13098.7	13922.6	
1124	16762	13922.6	13659	
1125	16762	13659	13934.7	
1126	16762	13934.7	13661	
1127	16762	13661	11975.6	
1128	16762	11975.6	13087.5	
1129	16762	13087.5	14206.3	
1130	16762	14206.3	12521.9	
1131	16762	12521.9	13655.2	
1132	16762	13655.2	15328.8	
1133	16762	15328.8	14798.6	
1134	16762	14798.6	14238.2	
1135	16762	14238.2	13405.1	
1136	16762	13405.1	13392.3	
1137	16762	13392.3	15346	
1138	16762	15346	13945.9	
1139	16762	13945.9	14767.2	
1140	16762	14767.2	12831.8	
1141	16762	12831.8	13105.4	
1142	16762	13105.4	13389.7	
1143	16762	13389.7	12843.9	
1144	16762	12843.9	13953.7	
1145	16762	13953.7	14204.2	
1146	16762	14204.2	14175.5	
1147	16762	14175.5	13651.8	
1148	16762	13651.8	13654.4	
1149	16762	13654.4	13387.2	
1150	16762	13387.2	14239.9	
1151	16762	14239.9	11712.7	
1152	16762	11712.7	11153.1	
1153	16762	11153.1	11982.5	
1154	16762	11982.5	13103.3	
1155	16762	13103.3	12271	
1156	16762	12271	12545.6	
1157	16762	12545.6	13665.2	
1158	16762	13665.2	13941.8	
1159	16762	13941.8	13397.1	
1160	16762	13397.1	13660.1	
1161	16762	13660.1	13660.1	
1162	16762	13660.1	13673.5	
1163	16762	13673.5	12284.7	
1164	16762	12284.7	13395.7	
1165	16762	13395.7	14759.4	
1166	16762	14759.4	13381.6	
1167	16762	13381.6	14208.5	
1168	16762	14208.5	12536.9	
1169	16762	12536.9	13398.9	
1170	16762	13398.9	14519.1	
1171	16762	14519.1	13116.8	
1172	16762	13116.8	12832.2	
1173	16762	12832.2	14227.7	
1174	16762	14227.7	13399	
1175	16762	13399	12798.4	
1176	16762	12798.4	12802.2	
1177	16762	12802.2	13910.3	
1178	16762	13910.3	15026.2	
1179	16762	15026.2	15049.9	
1180	16762	15049.9	15051	
1181	16762	15051	13946.3	
1182	16762	13946.3	14229.1	
1183	16762	14229.1	13114.5	
1184	16762	13114.5	13115.4	
1185	16762	13115.4	11991	
1186	16762	11991	13376.1	
1187	16762	13376.1	13929.7	
1188	16762	13929.7	13661.3	
1189	16762	13661.3	13112.4	
1190	16762	13112.4	13390.5	
1191	16762	13390.5	14488.5	
1192	16762	14488.5	12834.5	
1193	16762	12834.5	13665.8	
1194	16762	13665.8	13682.3	
1195	16762	13682.3	14210.2	
1196	16762	14210.2	14236.4	
1197	16762	14236.4	12550.7	
1198	16762	12550.7	13110.9	
1199	16762	13110.9	14215.5	
1200	16762	14215.5	13387.6	
1201	16762	13387.6	14204.9	
1202	16762	14204.9	14786	
1203	16762	14786	13954.5	
1204	16762	13954.5	14214.5	
1205	16762	14214.5	13947.3	
1206	16762	13947.3	13374	
1207	16762	13374	13393.4	
1208	16762	13393.4	12541.2	
1209	16762	12541.2	15052	
1210	16762	15052	14493.9	
1211	16762	14493.9	13390.3	
1212	16762	13390.3	12837.7	
1213	16762	12837.7	14780.7	
1214	16762	14780.7	13936.3	
1215	16762	13936.3	14786.1	
1216	16762	14786.1	12828.4	
1217	16762	12828.4	13393	
1218	16762	13393	13109.6	
1219	16762	13109.6	12836.1	
1220	16762	12836.1	15049.2	
1221	16762	15049.2	13117.8	
1222	16762	13117.8	13958.1	
1223	16762	13958.1	15072	
1224	16762	15072	14797.5	
1225	16762	14797.5	13405.3	
1226	16762	13405.3	15054.6	
1227	16762	15054.6	14224	
1228	16762	14224	12543.8	
1229	16762	12543.8	13647.7	
1230	16762	13647.7	13930.3	
1231	16762	13930.3	15046.8	
1232	16762	15046.8	14213.1	
1233	16762	14213.1	13673.2	
1234	16762	13673.2	14522.8	
1235	16762	14522.8	14509.8	
1236	16762	14509.8	15061.1	
1237	16762	15061.1	13964.3	
1238	16762	13964.3	14224.8	
1239	16762	14224.8	13923.7	
1240	16762	13923.7	14768.5	
1241	16762	14768.5	13660.4	
1242	16762	13660.4	12557.7	
1243	16762	12557.7	13097.2	
1244	16762	13097.2	13378.6	
1245	16762	13378.6	14241.8	
1246	16762	14241.8	13950.7	
1247	16762	13950.7	14516.9	
1248	16762	14516.9	14793.8	
1249	16762	14793.8	14239.2	
1250	16762	14239.2	13951	
1251	16762	13951	12817.1	
1252	16762	12817.1	13400.1	
1253	16762	13400.1	11987.3	
1254	16762	11987.3	13944.9	
1255	16762	13944.9	13941.8	
1256	16762	13941.8	13662.3	
1257	16762	13662.3	13100.4	
1258	16762	13100.4	13672.5	
1259	16762	13672.5	12543.8	
1260	16762	12543.8	13366.5	
1261	16762	13366.5	14485.4	
1262	16762	14485.4	13654.4	
1263	16762	13654.4	15068.8	
1264	16762	15068.8	13683.4	
1265	16762	13683.4	13124.9	
1266	16762	13124.9	14510.6	
1267	16762	14510.6	15889.9	
1268	16762	15889.9	13941	
1269	16762	13941	15062.2	
1270	16762	15062.2	14200.4	
1271	16762	14200.4	13921.5	
1272	16762	13921.5	14234.7	
1273	16762	14234.7	13351	
1274	16762	13351	13625.8	
1275	16762	13625.8	12260.4	
1276	16762	12260.4	13380	
1277	16762	13380	13665.5	
1278	16762	13665.5	13644.8	
1279	16762	13644.8	13641.4	
1280	16762	13641.4	14497.1	
1281	16762	14497.1	15078.9	
1282	16762	15078.9	11989.6	
1283	16762	11989.6	11696	
1284	16762	11696	12559.3	
1285	16762	12559.3	11436.5	
1286	16762	11436.5	13662.5	
1287	16762	13662.5	14506.2	
1288	16762	14506.2	14793	
1289	16762	14793	13942.6	
1290	16762	13942.6	14774.1	
1291	16762	14774.1	13662.6	
1292	16762	13662.6	11717.2	
1293	16762	11717.2	11714.7	
1294	16762	11714.7	11993.1	
1295	16762	11993.1	12244.4	
1296	16762	12244.4	12518.4	
1297	16762	12518.4	13084	
1298	16762	13084	12822.8	
1299	16762	12822.8	11431	
1300	16762	11431	12555	
1301	16762	12555	11999.5	
1302	16762	11999.5	13099.1	
1303	16762	13099.1	13641.2	
1304	16762	13641.2	14507.2	
1305	16762	14507.2	14493.6	
1306	16762	14493.6	12266.1	
1307	16762	12266.1	12814.7	
1308	16762	12814.7	13101.4	
1309	16762	13101.4	13646.3	
1310	16762	13646.3	15033.7	
1311	16762	15033.7	15634.3	
1312	16762	15634.3	13680.1	
1313	16762	13680.1	14233.1	
1314	16762	14233.1	14213.4	
1315	16762	14213.4	13124.6	
1316	16762	13124.6	14493.8	
1317	16762	14493.8	12836.1	
1318	16762	12836.1	14507.9	
1319	16762	14507.9	13391.2	
1320	16762	13391.2	14220.2	
1321	16762	14220.2	13118.8	
1322	16762	13118.8	13091	
1323	16762	13091	13384	
1324	16762	13384	11701.4	
1325	16762	11701.4	14213	
1326	16762	14213	14786	
1327	16762	14786	14213.8	
1328	16762	14213.8	14229.4	
1329	16762	14229.4	13385.1	
1330	16762	13385.1	13370.9	
1331	16762	13370.9	13931.9	
1332	16762	13931.9	13663.1	
1333	16762	13663.1	12827.1	
1334	16762	12827.1	13397	
1335	16762	13397	15348.3	
1336	16762	15348.3	14770.5	
1337	16762	14770.5	12547.2	
1338	16762	12547.2	11724.2	
1339	16762	11724.2	12839.2	
1340	16762	12839.2	13102	
1341	16762	13102	12819.6	
1342	16762	12819.6	14788.4	
1343	16762	14788.4	13393.1	
1344	16762	13393.1	14244.1	
1345	16762	14244.1	14522.6	
1346	16762	14522.6	13660.5	
1347	16762	13660.5	13667.7	
1348	16762	13667.7	13115.5	
1349	16762	13115.5	13928.2	
1350	16762	13928.2	12840.4	
1351	16762	12840.4	14788.9	
1352	16762	14788.9	14225.4	
1353	16762	14225.4	14491.1	
1354	16762	14491.1	13671.1	
1355	16762	13671.1	13110.9	
1356	16762	13110.9	15356	
1357	16762	15356	12835.9	
1358	16762	12835.9	13377.8	
1359	16762	13377.8	11406.1	
1360	16762	11406.1	12792.7	
1361	16762	12792.7	14771.4	
1362	16762	14771.4	13387.6	
1363	16762	13387.6	13940.6	
1364	16762	13940.6	12786.3	
1365	16762	12786.3	14730.6	
1366	16762	14730.6	14476	
1367	16762	14476	13949	
1368	16762	13949	13375.4	
1369	16762	13375.4	12827.6	
1370	16762	12827.6	15071	
1371	16762	15071	13111.2	
1372	16762	13111.2	13391.3	
1373	16762	13391.3	14219.5	
1374	16762	14219.5	12829	
1375	16762	12829	12532.1	
1376	16762	12532.1	13949.1	
1377	16762	13949.1	13102.5	
1378	16762	13102.5	10875.1	
1379	16762	10875.1	12835.3	
1380	16762	12835.3	13657.4	
1381	16762	13657.4	13663.1	
1382	16762	13663.1	13390.8	
1383	16762	13390.8	11425	
1384	16762	11425	13938.5	
1385	16762	13938.5	13949.8	
1386	16762	13949.8	13678.6	
1387	16762	13678.6	12837.3	
1388	16762	12837.3	12253.5	
1389	16762	12253.5	12269	
1390	16762	12269	13101.4	
1391	16762	13101.4	13099.3	
1392	16762	13099.3	12536.7	
1393	16762	12536.7	12531.9	
1394	16762	12531.9	12831.4	
1395	16762	12831.4	12262.6	
1396	16762	12262.6	13652.5	
1397	16762	13652.5	14232.8	
1398	16762	14232.8	12827.7	
1399	16762	12827.7	12250.1	
1400	16762	12250.1	14503.9	
1401	16762	14503.9	15050.6	
1402	16762	15050.6	13656.8	
1403	16762	13656.8	11713.1	
1404	16762	11713.1	11712.9	
1405	16762	11712.9	13941.1	
1406	16762	13941.1	13398.4	
1407	16762	13398.4	12554.1	
1408	16762	12554.1	12554.7	
1409	16762	12554.7	12548.4	
1410	16762	12548.4	14523.8	
1411	16762	14523.8	14236.3	
1412	16762	14236.3	12275.2	
1413	16762	12275.2	12550.2	
1414	16762	12550.2	12826.2	
1415	16762	12826.2	13683.3	
1416	16762	13683.3	15632.7	
1417	16762	15632.7	15039.6	
1418	16762	15039.6	13662.8	
1419	16762	13662.8	14508.6	
1420	16762	14508.6	13393.4	
1421	16762	13393.4	13953.6	
1422	16762	13953.6	13939.4	
1423	16762	13939.4	13659.3	
1424	16762	13659.3	14225	
1425	16762	14225	13934.2	
1426	16762	13934.2	13921.2	
1427	16762	13921.2	13384.2	
1428	16762	13384.2	12268.3	
1429	16762	12268.3	13387.4	
1430	16762	13387.4	13099.7	
1431	16762	13099.7	11715.7	
1432	16762	11715.7	13669.8	
1433	16762	13669.8	14182.4	
1434	16762	14182.4	13646	
1435	16762	13646	13935.7	
1436	16762	13935.7	13388.2	
1437	16762	13388.2	13937.2	
1438	16762	13937.2	13401.1	
1439	16762	13401.1	12825.9	
1440	16762	12825.9	13102.5	
1441	16762	13102.5	12839	
1442	16762	12839	13958.7	
1443	16762	13958.7	13101.1	
1444	16762	13101.1	14500.2	
1445	16762	14500.2	13950	
1446	16762	13950	14211.8	
1447	16762	14211.8	13662.1	
1448	16762	13662.1	13104	
1449	16762	13104	13670.6	
1450	16762	13670.6	15065.5	
1451	16762	15065.5	14228.7	
1452	16762	14228.7	13953.6	
1453	16762	13953.6	13399.8	
1454	16762	13399.8	13958.2	
1455	16762	13958.2	13957.4	
1456	16762	13957.4	13399.6	
1457	16762	13399.6	14783.8	
1458	16762	14783.8	13385.3	
1459	16762	13385.3	14506.6	
1460	16762	14506.6	14223.4	
1461	16762	14223.4	12830.7	
1462	16762	12830.7	13932.8	
1463	16762	13932.8	14227.3	
1464	16762	14227.3	13370.7	
1465	16762	13370.7	13385.7	
1466	16762	13385.7	12555.4	
1467	16762	12555.4	13389.5	
1468	16762	13389.5	14790	
1469	16762	14790	13353.2	
1470	16762	13353.2	13634.6	
1471	16762	13634.6	13943.3	
1472	16762	13943.3	15055.2	
1473	16762	15055.2	15075.3	
1474	16762	15075.3	14508.4	
1475	16762	14508.4	13959.5	
1476	16762	13959.5	15354.9	
1477	16762	15354.9	13924.4	
1478	16762	13924.4	14211.5	
1479	16762	14211.5	13956	
1480	16762	13956	12822.6	
1481	16762	12822.6	12822.2	
1482	16762	12822.2	13674.5	
1483	16762	13674.5	13399.4	
1484	16762	13399.4	12268.3	
1485	16762	12268.3	11430.1	
1486	16762	11430.1	12261	
1487	16762	12261	13925.9	
1488	16762	13925.9	14780.5	
1489	16762	14780.5	15899.3	
1490	16762	15899.3	13949.2	
1491	16762	13949.2	12832	
1492	16762	12832	12825.4	
1493	16762	12825.4	13945.6	
1494	16762	13945.6	15608.6	
1495	16762	15608.6	14518.8	
1496	16762	14518.8	14492	
1497	16762	14492	13379.9	
1498	16762	13379.9	13647.2	
1499	16762	13647.2	12563.9	
1500	16762	12563.9	14238.8	
1501	16762	14238.8	12269.2	
1502	16762	12269.2	13395	
1503	16762	13395	13944.9	
1504	16762	13944.9	13388.4	
1505	16762	13388.4	13362.5	
1506	16762	13362.5	13642.5	
1507	16762	13642.5	15055.7	
1508	16762	15055.7	13942.3	
1509	16762	13942.3	13378.9	
1510	16762	13378.9	13094.2	
1511	16762	13094.2	12813.1	
1512	16762	12813.1	13950	
1513	16762	13950	13386.7	
1514	16762	13386.7	13667.5	
1515	16762	13667.5	13111.7	
1516	16762	13111.7	12552.9	
1517	16762	12552.9	13676.2	
1518	16762	13676.2	15343.2	
1519	16762	15343.2	11992.2	
1520	16762	11992.2	14238.9	
1521	16762	14238.9	15073.8	
1522	16762	15073.8	12833	
1523	16762	12833	13952	
1524	16762	13952	14217.7	
1525	16762	14217.7	11709	
1526	16762	11709	13951.9	
1527	16762	13951.9	13384.1	
1528	16762	13384.1	13651.4	
1529	16762	13651.4	12564.6	
1530	16762	12564.6	12559.2	
1531	16762	12559.2	12270.2	
1532	16762	12270.2	14207.5	
1533	16762	14207.5	14194.7	
1534	16762	14194.7	15052.5	
1535	16762	15052.5	13940.4	
1536	16762	13940.4	14761.8	
1537	16762	14761.8	14783.9	
1538	16762	14783.9	14227.9	
1539	16762	14227.9	15066.9	
1540	16762	15066.9	13952.1	
1541	16762	13952.1	13651	
1542	16762	13651	14760	
1543	16762	14760	14218.2	
1544	16762	14218.2	13110.2	
1545	16762	13110.2	13383	
1546	16762	13383	14781.9	
1547	16762	14781.9	14779.7	
1548	16762	14779.7	14240.3	
1549	16762	14240.3	13393.1	
1550	16762	13393.1	14238.1	
1551	16762	14238.1	14227.2	
1552	16762	14227.2	13110.9	
1553	16762	13110.9	13961	
1554	16762	13961	12821.8	
1555	16762	12821.8	13914.8	
1556	16762	13914.8	14522.9	
1557	16762	14522.9	13111.5	
1558	16762	13111.5	13375.6	
1559	16762	13375.6	11708.2	
1560	16762	11708.2	13680.9	
1561	16762	13680.9	13109.6	
1562	16762	13109.6	12829.9	
1563	16762	12829.9	13355.7	
1564	16762	13355.7	13370.7	
1565	16762	13370.7	13098.3	
1566	16762	13098.3	11703	
1567	16762	11703	13945.2	
1568	16762	13945.2	13660.5	
1569	16762	13660.5	14483.5	
1570	16762	14483.5	15623.4	
1571	16762	15623.4	14519.3	
1572	16762	14519.3	13394.7	
1573	16762	13394.7	14226.3	
1574	16762	14226.3	13367.5	
1575	16762	13367.5	13081.6	
1576	16762	13081.6	13374.6	
1577	16762	13374.6	13664.4	
1578	16762	13664.4	14503.6	
1579	16762	14503.6	13399.1	
1580	16762	13399.1	12544.4	
1581	16762	12544.4	14765.9	
1582	16762	14765.9	14196.4	
1583	16762	14196.4	13384.6	
1584	16762	13384.6	12532.6	
1585	16762	12532.6	13362.1	
1586	16762	13362.1	12556	
1587	16762	12556	12549.7	
1588	16762	12549.7	13398.7	
1589	16762	13398.7	13654.5	
1590	16762	13654.5	14509.9	
1591	16762	14509.9	14233.6	
1592	16762	14233.6	14507	
1593	16762	14507	14518.2	
1594	16762	14518.2	14795.3	
1595	16762	14795.3	12824.7	
1596	16762	12824.7	11682.8	
1597	16762	11682.8	13096.2	
1598	16762	13096.2	14510	
1599	16762	14510	13949.5	
1600	16762	13949.5	13396.2	
1601	16762	13396.2	15064.7	
1602	16762	15064.7	14787.4	
1603	16762	14787.4	13950.3	
1604	16762	13950.3	14512.6	
1605	16762	14512.6	13939.9	
1606	16762	13939.9	14786.6	
1607	16762	14786.6	13943.7	
1608	16840	13943.7	13111.8	
1609	16840	13111.8	12834.3	
1610	16840	13115.7	12272	
1611	16840	12553.5	14508.1	
1612	16840	14508.1	13943.8	
1613	16840	13943.8	14495.3	
1614	16840	14777.1	13943.9	
1615	16840	14225.3	13089.8	
1616	16840	13089.8	12247.5	
1617	16840	12247.5	13638.7	
1618	16840	13920.1	11965.4	
1619	16840	12246.9	12801.4	
1620	16840	12801.4	13913.4	
1621	16840	14194.7	13361.9	
1622	16840	13361.9	11717.4	
1623	16840	11717.4	10608.8	
1624	16840	10608.8	13672	
1625	16840	13672	14220.4	
1626	16840	14220.4	12821.3	
1627	16840	12821.3	13938.5	
1628	16840	13938.5	12276.7	
1629	16840	12276.7	12273.2	
1630	16840	12554.7	13928.8	
1631	16840	13928.8	12270.7	
1632	16840	12270.7	12273	
1633	16840	12273	13102.6	
1634	16840	13384.2	13672.1	
1635	16840	13672.1	13374.1	
1636	16840	13374.1	13646.4	
1637	16840	13927.9	14463.9	
1638	16840	14745.3	12540.4	
1639	16840	12540.4	13102.9	
1640	16840	13102.9	14231.2	
1641	16840	14512.7	13660.1	
1642	16840	13660.1	13660.5	
1643	16840	13660.5	11991.5	
1644	16840	12273	11997.3	
1645	16840	11997.3	13653.2	
1646	16840	13653.2	12270.1	
1647	16840	12270.1	14233.5	
1648	16840	14233.5	12556.2	
1649	16840	12556.2	11424.9	
1650	16840	11706.3	13095.4	
1651	16840	13095.4	12518.7	
1652	16840	12518.7	13673.6	
1653	16840	13673.6	13386.1	
1654	16840	13386.1	13395.9	
1655	16840	13395.9	14507.3	
1656	16840	14788.8	14797.5	
1657	16840	15078.9	13115.1	
1658	16840	13115.1	12267.5	
1659	16840	12267.5	10872.2	
1660	16840	10872.2	10859.5	
1661	16840	10859.5	9745.8	
1662	16840	9745.8	10836.7	
1663	16840	10836.7	12818.7	
1664	16840	12818.7	12272.1	
1665	16840	12553.6	10027.8	
1666	16840	10309.2	10582	
1667	16840	10582	13082.6	
1668	16840	13082.6	13940.5	
1669	16840	13940.5	12550.7	
1670	16840	12550.7	11421.7	
1671	16840	11421.7	11706.5	
1672	16840	11706.5	10031.9	
1673	16840	10313.4	11994.9	
1674	16840	12276.3	13105.9	
1675	16840	13387.2	13906.4	
1676	16840	13906.4	13941.9	
1677	16840	14223.4	13672.3	
1678	16840	13672.3	12842.6	
1679	16912	12842.6	12269.8	
1680	16912	12552.5	11981.1	
1681	16912	12264	13105.9	
1682	16912	13105.9	11992.5	
1683	16912	12275	11421.3	
1684	16912	11704	11983.1	
1685	16912	11983.1	10849.7	
1686	16912	11132.3	10576.6	
1687	16912	10859.7	11703.1	
1688	16912	11985.8	11700.4	
1689	16912	11700.4	14194.7	
1690	16912	14194.7	11988.5	
1691	16912	12271.5	13946.5	
1692	16912	13946.5	11980	
1693	16912	12262.5	12276.3	
1694	16912	12276.3	11431.6	
1695	16912	11431.6	10576.8	
1696	16912	10859.6	9211.9	
1697	16912	9211.9	9760.45	
1698	16912	9760.45	9215.65	
1699	16912	9215.65	8085.49	
1700	16912	8085.49	10637.6	
1701	16912	10637.6	12608.5	
1702	16912	12608.5	11214.7	
1703	16912	11214.7	12333.5	
1704	16912	12333.5	12619.3	
1705	16912	12619.3	14606.6	
1706	16912	14606.6	15174.7	
1707	16912	15174.7	14332.1	
1708	16912	14332.1	14327.8	
1709	16912	14327.8	13228.7	
1710	16912	13228.7	14630.2	
1711	16912	14630.2	12367	
1712	16912	12367	11790.3	
1713	16912	11790.3	14326.3	
1714	16912	14326.3	12374.9	
1715	16912	12374.9	12904.6	
1716	16912	12904.6	12874	
1717	16912	12874	14306.6	
1718	16912	14306.6	14050.3	
1719	16912	14050.3	12921.4	
1720	16912	12921.4	14353.5	
1721	16912	14353.5	13236.1	
1722	16912	13236.1	13790.3	
1723	16912	13790.3	14347.3	
1724	16912	14347.3	14070	
1725	16912	14070	13220	
1726	16912	13220	12648.2	
1727	16912	12648.2	14060.6	
1728	16912	14060.6	12925.9	
1729	16912	12925.9	12069.7	
1730	16912	12069.7	14037.4	
1731	16912	14037.4	14336.8	
1732	16912	14336.8	12657.3	
1733	16912	12657.3	13235.3	
1734	16912	13235.3	13795.5	
1735	16912	13795.5	13242.7	
1736	16912	13242.7	14642.9	
1737	16912	14642.9	13214.5	
1738	16912	13214.5	13207.2	
1739	16912	13207.2	13778.8	
1740	16912	13778.8	12089	
1741	16912	12089	13201.6	
1742	16912	13201.6	13501.4	
1743	16912	13501.4	13807.3	
1744	16912	13807.3	14917.7	
1745	16912	14917.7	13241.2	
1746	16912	13241.2	14627.3	
1747	16912	14627.3	12654.1	
1748	16912	12654.1	12652.1	
1749	16912	12652.1	13213.7	
1750	16912	13213.7	12672.2	
1751	16912	12672.2	14342.9	
1752	16912	14342.9	13199.5	
1753	16912	13199.5	13232.5	
1754	16912	13232.5	12671.3	
1755	16912	12671.3	12376.2	
1756	16912	12376.2	12660	
1757	16912	12660	13230.9	
1758	16912	13230.9	14630.8	
1759	16912	14630.8	12665.3	
1760	16912	12665.3	12929.3	
1761	16912	12929.3	14335.3	
1762	16912	14335.3	14646.4	
1763	16912	14646.4	13523.7	
1764	16912	13523.7	13241	
1765	16912	13241	14085.4	
1766	16912	14085.4	13506.6	
1767	16912	13506.6	13242.6	
1768	16912	13242.6	14075	
1769	16912	14075	13499.4	
1770	16912	13499.4	14346.6	
1771	16912	14346.6	13782.6	
1772	16912	13782.6	14354.4	
1773	16912	14354.4	14646	
1774	16912	14646	14367.4	
1775	16912	14367.4	12943.1	
1776	16912	12943.1	13510.6	
1777	16912	13510.6	12957.9	
1778	16912	12957.9	14074.4	
1779	16912	14074.4	14360.7	
1780	16912	14360.7	13779.6	
1781	16912	13779.6	11827.5	
1782	16912	11827.5	12954.2	
1783	16912	12954.2	13784.4	
1784	16912	13784.4	13229.8	
1785	16912	13229.8	12928.2	
1786	16912	12928.2	13487.4	
1787	16912	13487.4	13475.1	
1788	16912	13475.1	14346.8	
1789	16912	14346.8	14063.5	
1790	16912	14063.5	13515.5	
1791	16912	13515.5	14068	
1792	16912	14068	14063	
1793	16912	14063	15201.4	
1794	16912	15201.4	14923.2	
1795	16912	14923.2	15772.7	
1796	16912	15772.7	14075.5	
1797	16912	14075.5	14079.4	
1798	16912	14079.4	13510.4	
1799	16912	13510.4	13503.7	
1800	16912	13503.7	14339.9	
1801	16912	14339.9	14350.3	
1802	16912	14350.3	14351.6	
1803	16912	14351.6	14913.8	
1804	16912	14913.8	14630.8	
1805	16912	14630.8	15483.3	
1806	16912	15483.3	14336.5	
1807	16912	14336.5	13493	
1808	16912	13493	12938.9	
1809	16912	12938.9	15774.7	
1810	16912	15774.7	14058.7	
1811	16912	14058.7	14348.5	
1812	16912	14348.5	15769.5	
1813	16912	15769.5	13513.2	
1814	16912	13513.2	14898.2	
1815	16912	14898.2	14610.8	
1816	16912	14610.8	14626.9	
1817	16912	14626.9	15763.8	
1818	16912	15763.8	14927	
1819	16912	14927	14081	
1820	16912	14081	14913.9	
1821	16912	14913.9	15486	
1822	16912	15486	14928	
1823	16912	14928	13789	
1824	16912	13789	14632.7	
1825	16912	14632.7	13229.8	
1826	16912	13229.8	12937.2	
1827	16912	12937.2	14652.4	
1828	16912	14652.4	12924	
1829	16912	12924	13207.7	
1830	16912	13207.7	11799.7	
1831	16912	11799.7	13191.6	
1832	16912	13191.6	13228.2	
1833	16912	13228.2	14342.4	
1834	16912	14342.4	13223.8	
1835	16912	13223.8	12937.9	
1836	16912	12937.9	14371.4	
1837	16912	14371.4	13513.5	
1838	16912	13513.5	14074.3	
1839	16912	14074.3	14638.9	
1840	16912	14638.9	14070.1	
1841	16912	14070.1	13516.4	
1842	16912	13516.4	14088.9	
1843	16912	14088.9	14917.4	
1844	16912	14917.4	14630.2	
1845	16912	14630.2	14623.7	
1846	16912	14623.7	13206	
1847	16912	13206	14080.1	
1848	16912	14080.1	13513.8	
1849	16912	13513.8	12932.8	
1850	16912	12932.8	14037.5	
1851	16912	14037.5	12357.5	
1852	16912	12357.5	13466.2	
1853	16912	13466.2	15152.9	
1854	16912	15152.9	12358	
1855	16912	12358	12082.4	
1856	16912	12082.4	12917.6	
1857	16912	12917.6	12652.5	
1858	16912	12652.5	13468.7	
1859	16912	13468.7	12914	
1860	16912	12914	14052.5	
1861	16912	14052.5	14336.5	
1862	16912	14336.5	15200.4	
1863	16912	15200.4	12670.4	
1864	16912	12670.4	12090.3	
1865	16912	12090.3	14597.6	
1866	16912	14597.6	13493.7	
1867	16912	13493.7	12371.4	
1868	16912	12371.4	14620.3	
1869	16912	14620.3	14332.3	
1870	16912	14332.3	13789.1	
1871	16912	13789.1	12087.3	
1872	16912	12087.3	12109	
1873	16912	12109	14044.3	
1874	16912	14044.3	13773.6	
1875	16912	13773.6	14625.3	
1876	16912	14625.3	14081.1	
1877	16912	14081.1	13790.2	
1878	16912	13790.2	15212.8	
1879	16912	15212.8	14370.9	
1880	16912	14370.9	13238.7	
1881	16912	13238.7	14370	
1882	16912	14370	12941.8	
1883	16912	12941.8	13783.5	
1884	16912	13783.5	15207.1	
1885	16912	15207.1	14357.5	
1886	16912	14357.5	14631.1	
1887	16912	14631.1	15210.6	
1888	16912	15210.6	15457.1	
1889	16912	15457.1	14345.7	
1890	16912	14345.7	15192	
1891	16912	15192	14357.2	
1892	16912	14357.2	15780.9	
1893	16912	15780.9	15218.9	
1894	16912	15218.9	14359.9	
1895	16912	14359.9	14079.9	
1896	16912	14079.9	14928.1	
1897	16912	14928.1	12659.9	
1898	16912	12659.9	14065.4	
1899	16912	14065.4	14055.1	
1900	16912	14055.1	13768.2	
1901	16912	13768.2	14049.6	
1902	16912	14049.6	15176.5	
1903	16912	15176.5	14337.2	
1904	16912	14337.2	12648.6	
1905	16912	12648.6	15451.7	
1906	16912	15451.7	14911.8	
1907	16912	14911.8	13770.1	
1908	16912	13770.1	14326.3	
1909	16912	14326.3	14086	
1910	16912	14086	14641	
1911	16912	14641	14364.3	
1912	16912	14364.3	14090	
1913	16912	14090	12960.6	
1914	16912	12960.6	14651.4	
1915	16912	14651.4	13791.3	
1916	16912	13791.3	12664.3	
1917	16912	12664.3	13787.7	
1918	16912	13787.7	12947.7	
1919	16912	12947.7	14355.4	
1920	16912	14355.4	13790	
1921	16912	13790	13187.2	
1922	16912	13187.2	12070.1	
1923	16912	12070.1	13742.1	
1924	16912	13742.1	14644.7	
1925	16912	14644.7	13242.6	
1926	16912	13242.6	13514.8	
1927	16912	13514.8	14636.9	
1928	16912	14636.9	14929.6	
1929	16912	14929.6	14077.1	
1930	16912	14077.1	15187.4	
1931	16912	15187.4	14064.9	
1932	16912	14064.9	14348.5	
1933	16912	14348.5	14911.4	
1934	16912	14911.4	14637.4	
1935	16912	14637.4	14347.7	
1936	16912	14347.7	15214.9	
1937	16912	15214.9	13802.6	
1938	16912	13802.6	13770.3	
1939	16912	13770.3	13782.5	
1940	16912	13782.5	13233.6	
1941	16912	13233.6	15190.4	
1942	16912	15190.4	14641.8	
1943	16912	14641.8	13507.2	
1944	16912	13507.2	13508.7	
1945	16912	13508.7	14645.5	
1946	16912	14645.5	13796.4	
1947	16912	13796.4	12374.8	
1948	16912	12374.8	12368.5	
1949	16912	12368.5	13778.6	
1950	16912	13778.6	14630.8	
1951	16912	14630.8	12372.4	
1952	16912	12372.4	13759.3	
1953	16912	13759.3	12334.4	
1954	16912	12334.4	15208.1	
1955	16912	15208.1	14075.6	
1956	16912	14075.6	13516.6	
1957	16912	13516.6	14359.7	
1958	16912	14359.7	13199.4	
1959	16912	13199.4	13795	
1960	16912	13795	14339.4	
1961	16912	14339.4	13789.9	
1962	16912	13789.9	13518.8	
1963	16912	13518.8	13517.7	
1964	16912	13517.7	14071.8	
1965	16912	14071.8	13231.6	
1966	16912	13231.6	13229.1	
1967	16912	13229.1	13512.5	
1968	16912	13512.5	13504	
1969	16912	13504	14897.3	
1970	16912	14897.3	14632.7	
1971	16912	14632.7	14922.4	
1972	16912	14922.4	14922.4	
1973	16912	14922.4	14922.4	
Column 2: 1973
Column 3: 1973
Column 4: 1972
