jeu_100_75_2.txt_5_bestGAPerIt	jeu_100_75_2.txt_5_popMeanGA	jeu_100_75_2.txt_5_offMeanGA	
0	-32.2	-176.383	-157.767	
1	-32.2	-152.217	-144.433	
2	-32.2	-140.267	-131.4	
3	-32.2	-131.4	-130.383	
4	-31.2	-130.383	-119.083	
5	-6.2	-119.083	-104.983	
6	-6.2	-100.767	-90.55	
7	-3.2	-90.55	666.907	
8	24927	666.907	1053.26	
9	24927	1472.15	1882.03	
10	24927	1882.03	2242.47	
11	24927	2242.47	1426.65	
12	24927	1845.23	1784.38	
13	24927	2202.45	2439.12	
14	24927	2858.61	2356.14	
15	24927	2774.44	2946.45	
16	24927	2946.45	7260.39	
17	24927	7678.51	9878.32	
18	24927	10295.3	8600.64	
19	24927	9018.12	9582.58	
20	24927	10000.8	9223.61	
21	24927	9641.13	8937.24	
22	24927	9354.01	10845.8	
23	24927	11263.3	10241.3	
24	24927	10658.2	13267.9	
25	24927	13684.9	13962.9	
26	24927	14379.6	13134.8	
27	24927	13551.8	13464.2	
28	24927	13881.8	14483.8	
29	24927	14901	12895.3	
30	25411	12895.3	8733.27	
31	25411	9158.35	15683.3	
32	25411	16108.4	12115.1	
33	25411	12540.3	13257.9	
34	25411	13682.7	15094.3	
35	25411	15519.5	13629.1	
36	25411	13629.1	13920.1	
37	25580	13920.1	16065.5	
38	25844	16065.5	16171.3	
39	25844	16171.3	15820.5	
40	26219	15820.5	14360.4	
41	26219	14798.6	13892.1	
42	26219	13892.2	14257.6	
43	26219	14696.5	13257	
44	26219	13695.1	15589.2	
45	26522	15589.2	15551.3	
46	26522	15994.5	14702.7	
47	26522	14702.7	15057.9	
48	26522	15057.9	14614.3	
49	26980	14614.3	15319.5	
50	26980	15770.3	15905.5	
51	26980	15905.5	13952.9	
52	27783	13952.9	15620.7	
53	27783	16084.8	16205.8	
54	27783	16669.8	18034.6	
55	27783	18498.7	17277.5	
56	28193	17277.5	18138.6	
57	28193	18138.6	17271.9	
58	28193	17271.9	14296	
59	28282	14296	19466.1	
60	28509	19466.1	19267.7	
61	28509	19267.7	17732.1	
62	28509	17732.1	17024.7	
63	28509	17024.7	17220.1	
64	28509	17220.1	19076.7	
65	28843	19076.7	19238.4	
66	29130	19238.4	17770.3	
67	29411	17770.3	16958.9	
68	29605	16958.9	15217.2	
69	29662	15217.2	18168.2	
70	29673	18168.2	22455.9	
71	29673	22950.9	23078.7	
72	29765	23078.7	22689	
73	29765	23185.9	20101.6	
74	29957	20101.6	21547.3	
75	29957	22047.2	23198	
76	30229	23198	22815.5	
77	30587	22815.5	20467.5	
78	30587	20467.5	22935.4	
79	30587	23445.8	23128.7	
80	30587	23128.7	21845.7	
81	30750	21845.7	19507.4	
82	31217	19507.4	23091.7	
83	31217	23091.7	21643.2	
84	31313	21643.2	19605.5	
85	31446	19605.5	23196.4	
86	31446	23720.9	23222.7	
87	31446	23222.7	19798.9	
88	31507	19798.9	21417.4	
89	31939	21417.4	22974.1	
90	31939	22974.1	23997.1	
91	31939	23997.1	23571.6	
92	31939	23571.6	22615.7	
93	31939	23148.7	24305.1	
94	31939	24838.1	23364.7	
95	32113	23364.7	22432.8	
96	32113	22968.8	25105.2	
97	32113	25641.2	25248.1	
98	32115	25248.1	27432.2	
99	32115	27967.9	27568.5	
100	32188	27568.5	26476.7	
101	32188	27014.3	24405.3	
102	32188	24942.5	28146.8	
103	32188	28146.8	26642.1	
104	32445	26642.1	28238.1	
105	32536	28238.1	28294.7	
106	32536	28294.7	27222.5	
107	32536	27765.4	27300	
108	32813	27300	25264.3	
109	32813	25264.3	27445.9	
110	33017	27445.9	28728.5	
111	33270	28728.5	26643.8	
112	33270	27199	27297.4	
113	33270	27297.4	27373.4	
114	33571	27373.4	29098.9	
115	33571	29098.9	28106.8	
116	33571	28106.8	26540.5	
117	33571	26540.5	27740.8	
118	33571	27740.8	26161.2	
119	34206	26161.2	25104.4	
120	34206	25104.4	26213.7	
121	34206	26213.7	27322	
122	34206	27322	26815.1	
123	34206	26815.1	29047.1	
124	34206	29047.1	30748.6	
125	34206	30748.6	30235.6	
126	34206	30235.6	26947.6	
127	34617	26947.6	27039.5	
128	34617	27039.5	29397.7	
129	34617	29397.7	28363.9	
130	34617	28363.9	29059.5	
131	34617	29059.5	30291.8	
132	34617	30291.8	27031	
133	34617	27031	27609.8	
134	34617	27609.8	25313.4	
135	34617	25313.4	29949	
136	34681	29949	28760.1	
137	34681	28760.1	29354.8	
138	35171	29354.8	29959.4	
139	35171	30546.4	31128.8	
140	35171	31128.8	25983.6	
141	35171	25983.6	30037.7	
142	35171	30037.7	28962.9	
143	35171	28962.9	27264.7	
144	35171	27264.7	29596.7	
145	35171	29596.7	27950.7	
146	35171	27950.7	28006.9	
147	35171	28006.9	28665.8	
148	35171	28665.8	28634.4	
149	35171	28634.4	28123.5	
150	35171	28123.5	29872.2	
151	35171	29872.2	29281	
152	35171	29281	26917.6	
153	35171	26917.6	30431.5	
154	35171	30431.5	29870.4	
155	35171	29870.4	29878.9	
156	35171	29878.9	29233.9	
157	35171	29233.9	26371.4	
158	35171	26371.4	30467.9	
159	35171	30467.9	30431	
160	35171	30431	28665.6	
161	35171	28665.6	26937.8	
162	35171	26937.8	26358.7	
163	35171	26358.7	25182.4	
164	35171	25182.4	29276.2	
165	35171	29276.2	28696.7	
166	35171	28696.7	26931.4	
167	35171	26931.4	28076.7	
168	35171	28076.7	32177	
169	35171	32177	28694	
170	35171	28694	31025.6	
171	35171	31025.6	30418.2	
172	35171	30418.2	29858.2	
173	35171	29858.2	30414.7	
174	35171	30414.7	29240.5	
175	35171	29240.5	28122	
176	35171	28122	28707.9	
177	35171	28707.9	29276.9	
178	35171	29276.9	25169.3	
179	35171	25169.3	23378.1	
180	35171	23378.1	29821.3	
181	35171	29821.3	27484.5	
182	35171	27484.5	28102.8	
183	35171	28102.8	29882.6	
184	35171	29882.6	30454.7	
185	35171	30454.7	28098.5	
186	35171	28098.5	27532.2	
187	35171	27532.2	26359.9	
188	35171	26359.9	27508.3	
189	35171	27508.3	26906	
190	35171	26906	29854.2	
191	35171	29854.2	28038	
192	35171	28038	28637.3	
193	35171	28637.3	27480.9	
194	35171	27480.9	29845.7	
195	35171	29845.7	27502.3	
196	35171	27502.3	26917	
197	35171	26917	27493.5	
198	35171	27493.5	28066	
199	35171	28066	26341.6	
200	35171	26341.6	27523.6	
201	35171	27523.6	28684.3	
202	35171	28684.3	29874.5	
203	35171	29874.5	28122.4	
204	35171	28122.4	28116.7	
205	35171	28116.7	26932.8	
206	35171	26932.8	27498.6	
207	35171	27498.6	30457.7	
208	35171	30457.7	31584.7	
209	35317	31584.7	28667.9	
210	35317	28667.9	29267.4	
211	35317	29267.4	27533.4	
212	35317	27533.4	26382.7	
213	35317	26382.7	26976.2	
214	35317	26976.2	28729.6	
215	35317	28729.6	27560.5	
216	35317	27560.5	28748.5	
217	35317	28748.5	32300	
218	35317	32300	28776	
219	35317	28776	27034.9	
220	35317	27034.9	28197.3	
221	35317	28197.3	29353.2	
222	35317	29353.2	30551.9	
223	35317	30551.9	28224.8	
224	35317	28224.8	29964.5	
225	35317	29964.5	29389.1	
226	35317	29389.1	30526.4	
227	35317	30526.4	31193.2	
228	35317	31193.2	28828.7	
229	35317	28828.7	29935.9	
230	35317	29935.9	30555.8	
231	35317	30555.8	27572.8	
232	35317	27572.8	25847	
233	35317	25847	28221	
234	35317	28221	32944.4	
235	35317	32944.4	31763.5	
236	35317	31763.5	30553.8	
237	35317	30553.8	30557.5	
238	35317	30557.5	30549.7	
239	35317	30549.7	32335.4	
240	35317	32335.4	28801.9	
241	35317	28801.9	29319.6	
242	35317	29319.6	30485.7	
243	35317	30485.7	32302.4	
244	35317	32302.4	29978.1	
245	35317	29978.1	30582.4	
246	35317	30582.4	28238.2	
247	35317	28238.2	29955.1	
248	35317	29955.1	29955.4	
249	35317	29955.4	31178.4	
250	35317	31178.4	27043.3	
251	35317	27043.3	27623.7	
252	35317	27623.7	26462.1	
253	35317	26462.1	28802.1	
254	35317	28802.1	22921.8	
255	35317	22921.8	28761.1	
256	35317	28761.1	29398.6	
257	35317	29398.6	28230.5	
258	35317	28230.5	31166.8	
259	35317	31166.8	29407.3	
260	35317	29407.3	28240.4	
261	35317	28240.4	31775.2	
262	35317	31775.2	28220.6	
263	35317	28220.6	29990.8	
264	35317	29990.8	28812.8	
265	35317	28812.8	28816.4	
266	35317	28816.4	28805.1	
267	35317	28805.1	28241.6	
268	35317	28241.6	31762.2	
269	35317	31762.2	31679.7	
270	35317	31679.7	30466	
271	35317	30466	28795.9	
272	35317	28795.9	25846.5	
273	35317	25846.5	25845.9	
274	35317	25845.9	30561.9	
275	35317	30561.9	25300.1	
276	35317	25300.1	28805.8	
277	35317	28805.8	27053.8	
278	35317	27053.8	31145.7	
279	35317	31145.7	28777.3	
280	35317	28777.3	27578.3	
281	35317	27578.3	26440.7	
282	35317	26440.7	29350.4	
283	35317	29350.4	27659.7	
284	35317	27659.7	30548.3	
285	35317	30548.3	29394.1	
286	35317	29394.1	29949.7	
287	35317	29949.7	31172.7	
288	35317	31172.7	29384.8	
289	35317	29384.8	28816.4	
290	35317	28816.4	27589.9	
291	35317	27589.9	27056.6	
292	35317	27056.6	28187.8	
293	35317	28187.8	28774.6	
294	35317	28774.6	25847.6	
295	35317	25847.6	29341	
296	35317	29341	31139.7	
297	35317	31139.7	27627.2	
298	35317	27627.2	30568.9	
299	35317	30568.9	24665	
300	35317	24665	29973.4	
301	35317	29973.4	29384.5	
302	35317	29384.5	27071	
303	35317	27071	28815.5	
304	35317	28815.5	28194.2	
305	35317	28194.2	29375	
306	35317	29375	27043.7	
307	35317	27043.7	29960.7	
308	35317	29960.7	29410.3	
309	35317	29410.3	27035.5	
310	35317	27035.5	30569.7	
311	35317	30569.7	30593.1	
312	35317	30593.1	32336.3	
313	35317	32336.3	25880.3	
314	35317	25880.3	29966.8	
315	35317	29966.8	27607.9	
316	35317	27607.9	26421.5	
317	35317	26421.5	25289.4	
318	35317	25289.4	25834.3	
319	35317	25834.3	27613.6	
320	35317	27613.6	31731.1	
321	35317	31731.1	28818.3	
322	35317	28818.3	29979.1	
323	35317	29979.1	29363.1	
324	35317	29363.1	29380.6	
325	35317	29380.6	29939.6	
326	35317	29939.6	28205.7	
327	35317	28205.7	31145.3	
328	35317	31145.3	29326.4	
329	35317	29326.4	28208.6	
330	35317	28208.6	27649.5	
331	35317	27649.5	29976.6	
332	35317	29976.6	29397.4	
333	35317	29397.4	29939.9	
334	35317	29939.9	28806.4	
335	35317	28806.4	28818.6	
336	35317	28818.6	28228.4	
337	35317	28228.4	26442.8	
338	35317	26442.8	27006.4	
339	35317	27006.4	27562.1	
340	35317	27562.1	32339.6	
341	35317	32339.6	27602.7	
342	35317	27602.7	29369.6	
343	35317	29369.6	28141.1	
344	35317	28141.1	28769.3	
345	35317	28769.3	29980.5	
346	35317	29980.5	30560	
347	35317	30560	28122.3	
348	35317	28122.3	29904.4	
349	35317	29904.4	29940.9	
350	35317	29940.9	27060.4	
351	35317	27060.4	24677.2	
352	35317	24677.2	28777.8	
353	35317	28777.8	27621.7	
354	35317	27621.7	28792.3	
355	35317	28792.3	26472	
356	35317	26472	26461.7	
357	35317	26461.7	28240.1	
358	35317	28240.1	28216.1	
359	35317	28216.1	28233.8	
360	35317	28233.8	29398.4	
361	35317	29398.4	28836.2	
362	35317	28836.2	26479.6	
363	35317	26479.6	27635	
364	35317	27635	25853.1	
365	35317	25853.1	27639	
366	35317	27639	29359	
367	35317	29359	28801.2	
368	35317	28801.2	26481.9	
369	35317	26481.9	29989.5	
370	35317	29989.5	31732.4	
371	35317	31732.4	31145.5	
372	35317	31145.5	30542	
373	35317	30542	29989.5	
374	35317	29989.5	24667.1	
375	35317	24667.1	27019.3	
376	35317	27019.3	29985.6	
377	35317	29985.6	31689.9	
378	35317	31689.9	30559.1	
379	35317	30559.1	26481.9	
380	35317	26481.9	27610.4	
381	35317	27610.4	30567.5	
382	35317	30567.5	29426.1	
383	35317	29426.1	28814.7	
384	35317	28814.7	26446.6	
385	35317	26446.6	29979.1	
386	35317	29979.1	30589.4	
387	35317	30589.4	28207.1	
388	35317	28207.1	30512.4	
389	35317	30512.4	29937.5	
390	35317	29937.5	31193.3	
391	35317	31193.3	27070.2	
392	35317	27070.2	27635.6	
393	35317	27635.6	29966.6	
394	35317	29966.6	27003.9	
395	35317	27003.9	30526.2	
396	35317	30526.2	32262.6	
397	35317	32262.6	29390.1	
398	35317	29390.1	28813.9	
399	35317	28813.9	29380.4	
400	35317	29380.4	26463.2	
401	35317	26463.2	28805.1	
402	35317	28805.1	27624.2	
403	35317	27624.2	26420.7	
404	35317	26420.7	29951.9	
405	35317	29951.9	31169.5	
406	35317	31169.5	32351.3	
407	35317	32351.3	28214.1	
408	35317	28214.1	29353.7	
409	35317	29353.7	31728.4	
410	35317	31728.4	31742.2	
411	35317	31742.2	31140.6	
412	35317	31140.6	28811.5	
413	35317	28811.5	31728.8	
414	35317	31728.8	27629.4	
415	35317	27629.4	29407.8	
416	35317	29407.8	27622	
417	35317	27622	28791.7	
418	35317	28791.7	28144.4	
419	35317	28144.4	29906.7	
420	35317	29906.7	30513	
421	35317	30513	27634.1	
422	35317	27634.1	29945.4	
423	35317	29945.4	30590.4	
424	35317	30590.4	31748.5	
425	35317	31748.5	30577.8	
426	35317	30577.8	30561.1	
427	35317	30561.1	28188.1	
428	35317	28188.1	28238.4	
429	35317	28238.4	28192.2	
430	35317	28192.2	30533.7	
431	35317	30533.7	32868.6	
432	35317	32868.6	31784.1	
433	35317	31784.1	28221.8	
434	35317	28221.8	26460.9	
435	35317	26460.9	27659.3	
436	35317	27659.3	28804.6	
437	35317	28804.6	29356.1	
438	35317	29356.1	27014.1	
439	35317	27014.1	24689.5	
440	35317	24689.5	30015.7	
441	35317	30015.7	29985.3	
442	35317	29985.3	29353.2	
443	35317	29353.2	28155.1	
444	35317	28155.1	28197.4	
445	35317	28197.4	29411.4	
446	35317	29411.4	27029.9	
447	35317	27029.9	29942.9	
448	35317	29942.9	30567.5	
449	35317	30567.5	31132.5	
450	35317	31132.5	30565.3	
451	35317	30565.3	28184.6	
452	35317	28184.6	27017.3	
453	35317	27017.3	25261.9	
454	35317	25261.9	27598.4	
455	35317	27598.4	29390.8	
456	35317	29390.8	30575.3	
457	35317	30575.3	31746.3	
458	35317	31746.3	31193.9	
459	35317	31193.9	25267.9	
460	35317	25267.9	25247.2	
461	35317	25247.2	26992.5	
462	35317	26992.5	27017.1	
463	35317	27017.1	29337.9	
464	35317	29337.9	31155.4	
465	35317	31155.4	28829.9	
466	35317	28829.9	27651.2	
467	35317	27651.2	29370.5	
468	35317	29370.5	27619.9	
469	35317	27619.9	30566	
470	35317	30566	32892.5	
471	35317	32892.5	30599.8	
472	35317	30599.8	28200.7	
473	35317	28200.7	29410.2	
474	35317	29410.2	27624	
475	35317	27624	29372.9	
476	35317	29372.9	26407.6	
477	35317	26407.6	28717.7	
478	35317	28717.7	32311.1	
479	35317	32311.1	29990	
480	35317	29990	30585.6	
481	35317	30585.6	30594.5	
482	35317	30594.5	26471.5	
483	35317	26471.5	30591.9	
484	35317	30591.9	28801.5	
485	35317	28801.5	27631.6	
486	35317	27631.6	28778.9	
487	35317	28778.9	28201.5	
488	35317	28201.5	28196.9	
489	35317	28196.9	28780.6	
490	35317	28780.6	28151.7	
491	35317	28151.7	24123.2	
492	35317	24123.2	27046.7	
493	35317	27046.7	28816.5	
494	35317	28816.5	29984.9	
495	35317	29984.9	30565.6	
496	35317	30565.6	27013.6	
497	35317	27013.6	29897.7	
498	35317	29897.7	25776	
499	35317	25776	28808.8	
500	35317	28808.8	26481.5	
501	35317	26481.5	24116.4	
502	35317	24116.4	25862.6	
503	35317	25862.6	29963.1	
504	35317	29963.1	28814.9	
505	35317	28814.9	28809.1	
506	35317	28809.1	30015	
507	35317	30015	27637.7	
508	35317	27637.7	28234.8	
509	35317	28234.8	29387.6	
510	35317	29387.6	31771.7	
511	35317	31771.7	28836.8	
512	35317	28836.8	30584	
513	35317	30584	31130.5	
514	35317	31130.5	30590.6	
515	35317	30590.6	30588.4	
516	35317	30588.4	29968.3	
517	35317	29968.3	26412.7	
518	35317	26412.7	28761.4	
519	35317	28761.4	26942.5	
520	35317	26942.5	27558.6	
521	35317	27558.6	30519.9	
522	35317	30519.9	29967.5	
523	35317	29967.5	29937.6	
524	35317	29937.6	28801.6	
525	35317	28801.6	28205.6	
526	35317	28205.6	22916.7	
527	35317	22916.7	27051.9	
528	35317	27051.9	30548.8	
529	35317	30548.8	27044.6	
530	35317	27044.6	30514.5	
531	35317	30514.5	30548.8	
532	35317	30548.8	28771	
533	35317	28771	28811.3	
534	35317	28811.3	24652.9	
535	35317	24652.9	28229.4	
536	35317	28229.4	28173.5	
537	35317	28173.5	30014.8	
538	35317	30014.8	27641.7	
539	35317	27641.7	28819.2	
540	35317	28819.2	27652	
541	35317	27652	29981.4	
542	35317	29981.4	28214.4	
543	35317	28214.4	30518.9	
544	35317	30518.9	30546.8	
545	35317	30546.8	29970.3	
546	35317	29970.3	31750.4	
547	35317	31750.4	27009	
548	35317	27009	29970.7	
549	35317	29970.7	26990.2	
550	35317	26990.2	28198.2	
551	35317	28198.2	28829.5	
552	35317	28829.5	30002.9	
553	35317	30002.9	29382.6	
554	35317	29382.6	29391.1	
555	35317	29391.1	32351.3	
556	35317	32351.3	27635.5	
557	35317	27635.5	28804.6	
558	35317	28804.6	30597.1	
559	35317	30597.1	30004	
560	35317	30004	28796.4	
561	35317	28796.4	28238	
562	35317	28238	27032.1	
563	35317	27032.1	28791.6	
564	35317	28791.6	28814.4	
565	35317	28814.4	31136.7	
566	35317	31136.7	28793.7	
567	35317	28793.7	30556.1	
568	35317	30556.1	27571.1	
569	35317	27571.1	28216.4	
570	35317	28216.4	29959	
571	35317	29959	27651.9	
572	35317	27651.9	30014.8	
573	35317	30014.8	31773.3	
574	35317	31773.3	28235	
575	35615	28235	29983.7	
576	35615	30578	30001.7	
577	35615	30595.8	27051.7	
578	35615	27051.7	30579.2	
579	35615	30579.2	25276.4	
580	35615	25276.4	25856.6	
581	35615	25856.6	27621.1	
582	35615	27621.1	25783.5	
583	35615	25783.5	29302.6	
584	35615	29302.6	24564.7	
585	35850	24564.7	23947.9	
586	35850	24546	28640.1	
587	35850	28640.1	27461.8	
588	35850	28060.2	26369.2	
589	35850	26369.2	25199.3	
590	35850	25199.3	22272.1	
591	35850	22272.1	26950.1	
592	35850	27548.2	27055.1	
593	35850	27055.1	26981.9	
594	35850	26981.9	27655	
595	35850	27655	27043.4	
596	35850	27043.4	27106.6	
597	35850	27106.6	25938.7	
598	35850	26537	26596.1	
599	35850	26596.1	27830.3	
600	35850	27830.3	27287.7	
601	35850	27287.7	28422.9	
602	35850	28422.9	29063.6	
603	35850	29063.6	28501	
604	35850	28501	24968.4	
605	35850	24968.4	28528.4	
606	35850	28528.4	31516.3	
607	35850	31516.3	29735.8	
608	35850	29735.8	32191.3	
609	35850	32191.3	31615.5	
610	35850	31615.5	32233.5	
611	35850	32233.5	30439	
612	35850	30439	29860.1	
613	35850	29860.1	31619.8	
614	35850	31619.8	31613.4	
615	35850	31613.4	28640.9	
616	35850	28640.9	25685.2	
617	35850	25685.2	29273.4	
618	36217	29273.4	31036.3	
619	36217	31036.3	30440.7	
620	36217	30440.7	29862	
621	36217	29861.9	29810.1	
622	36217	29810.1	30434.3	
623	36217	30434.3	29261.4	
624	36217	29261.4	28110.9	
625	36217	28110.9	29828.5	
626	36217	29828.5	29913.9	
627	36217	29913.9	24568.9	
628	36217	24568.9	28144.5	
629	36217	28144.5	29376.1	
630	36217	29376.1	27592	
631	36217	27592	29430.2	
632	36217	29430.2	27649.6	
633	36217	27649.6	29438.5	
634	36217	29438.5	24693.2	
635	36217	24693.2	30099.5	
636	36217	30099.5	28938.5	
637	36217	28938.5	27156.8	
638	36217	27156.8	30160.9	
639	36217	30160.9	30764.4	
640	36217	30764.4	28959.6	
641	36217	28959.6	28951.8	
642	36217	28951.8	30771.5	
643	36217	30771.5	29571.1	
644	36217	29571.1	31376.6	
645	36217	31376.6	31941	
646	36217	31941	28921.9	
647	36217	28921.9	27122.6	
648	36217	27122.6	28918.9	
649	36217	28918.9	28883.3	
650	36217	28883.3	28313.3	
651	36217	28313.3	30711.7	
652	36217	30711.7	28304.7	
653	36217	28304.7	31350	
654	36217	31350	33174.4	
655	36217	33174.4	25942.4	
656	36217	25942.4	30168.7	
657	36217	30168.7	30775.4	
658	36217	30775.4	27739.9	
659	36217	27739.9	27695.9	
660	36217	27695.9	27714.3	
661	36217	27714.3	27708.3	
662	36217	27708.3	27747.4	
663	36217	27747.4	27727.7	
664	36217	27727.7	27721.4	
665	36217	27721.4	30120.3	
666	36217	30120.3	30137.9	
667	36217	30137.9	30759.9	
668	36217	30759.9	31921	
669	36217	31921	31373.9	
670	36217	31373.9	28344.9	
671	36217	28344.9	28314.6	
672	36217	28314.6	30159.2	
673	36217	30159.2	27691.3	
674	36217	27691.3	30721.8	
675	36217	30721.8	32574.6	
676	36217	32574.6	31942.6	
677	36217	31942.6	30754.1	
678	36217	30754.1	33719.5	
679	36217	33719.5	33150.9	
680	36217	33150.9	30106.3	
681	36217	30106.3	31300.6	
682	36217	31300.6	29492.9	
683	36217	29492.9	30729.1	
684	36217	30729.1	30158.8	
685	36217	30158.8	29526	
686	36217	29526	28938.3	
687	36217	28938.3	30768.5	
688	36217	30768.5	28929	
689	36217	28929	28911.9	
690	36217	28911.9	27103.1	
691	36217	27103.1	30072.1	
692	36217	30072.1	30143.3	
693	36217	30143.3	34350.2	
694	36217	34350.2	29565	
695	36217	29565	28950.3	
696	36217	28950.3	28341.5	
697	36217	28341.5	25298.7	
698	36217	25298.7	29490	
699	36217	29490	31336.6	
700	36217	31336.6	31974.6	
701	36217	31974.6	30698.6	
702	36217	30698.6	30753.3	
703	36217	30753.3	28916.7	
704	36217	28916.7	29508.2	
705	36217	29508.2	28307.3	
706	36217	28307.3	30718.7	
707	36217	30718.7	28951.6	
708	36217	28951.6	28334.9	
709	36217	28334.9	28919.4	
710	36217	28919.4	33732.5	
711	36217	33732.5	34326.7	
712	36217	34326.7	28325.3	
713	36217	28325.3	26508.8	
714	36217	26508.8	28908.1	
715	36217	28908.1	28916.2	
716	36217	28916.2	30128	
717	36217	30128	27702.7	
718	36217	27702.7	30169.8	
719	36217	30169.8	29556	
720	36217	29556	27709.9	
721	36217	27709.9	30100.7	
722	36217	30100.7	31320.9	
723	36217	31320.9	31341.2	
724	36217	31341.2	33165.6	
725	36217	33165.6	32554	
726	36217	32554	28336.6	
727	36217	28336.6	26519.9	
728	36217	26519.9	28338.6	
729	36217	28338.6	30697	
730	36217	30697	29500.6	
731	36217	29500.6	28321.6	
732	36217	28321.6	27732.1	
733	36217	27732.1	27675.5	
734	36217	27675.5	26494.9	
735	36217	26494.9	28922.2	
736	36262	28922.2	30104.6	
737	36262	30104.6	29500.5	
738	36262	29500.5	30178.5	
739	36262	30178.5	28331	
740	36262	28331	27731.6	
741	36262	27731.6	29491.5	
742	36262	29491.5	28903.4	
743	36262	28903.4	29519	
744	36262	29519	30726.6	
745	36262	30726.6	31905.6	
746	36262	31905.6	31352.4	
747	36262	31352.4	26505.2	
748	36262	26505.2	28348.9	
749	36262	28348.9	31359.2	
750	36262	31359.2	28941.3	
751	36262	29546.3	30763.7	
752	36262	30763.7	30125.9	
753	36262	30125.9	26479.8	
754	36262	26479.8	27685.6	
755	36262	28290.6	27669.8	
756	36262	28274.8	28870.1	
757	36262	28870.1	29502.2	
758	36262	30107.4	31909.5	
759	36262	31909.5	30680.4	
760	36262	30680.4	29463.2	
761	36262	30068.2	27683.2	
762	36262	27683.2	27706.8	
763	36262	28311.8	31353.2	
764	36262	31958.1	31352.1	
765	36262	31957.1	30080.3	
766	36262	30080.3	27689	
767	36262	28294	28317.5	
768	36262	28317.5	28329.4	
769	36262	28329.4	28298.5	
770	36262	28298.5	27120	
771	36262	27120	24097.7	
772	36262	24702.8	27088.4	
773	36262	27694	30127.8	
774	36262	30732.8	31324.6	
775	36262	31324.6	28240	
776	36262	28240	28817.2	
777	36262	28817.2	28943.5	
778	36262	28943.5	27721.2	
779	36262	27721.2	28277.7	
780	36262	28882.8	27685.6	
781	36262	27685.6	29467.8	
782	36262	29467.8	29494.2	
783	36262	29494.2	29556.1	
784	36262	29556.1	27125	
785	36262	27125	27730.8	
786	36262	27730.8	31367.8	
787	36262	31367.8	30096.4	
788	36262	30096.4	31297.5	
789	36262	31297.5	28330.2	
790	36262	28330.2	27641.9	
791	36262	27641.9	28265	
792	36262	28265	33055.8	
793	36262	33055.8	31326	
794	36262	31326	27692.4	
795	36262	27692.4	24664.3	
796	36262	24664.3	30077.2	
797	36262	30077.2	27009.7	
798	36262	27009.7	28215.6	
799	36262	28215.6	25826.8	
800	36262	25826.8	27012.4	
801	36262	27012.4	30085.9	
802	36262	30085.9	30688.6	
803	36262	30688.6	27124	
804	36262	27124	28280.5	
805	36262	28885.7	30717.8	
806	36262	31322.9	31912.6	
807	36262	31912.6	30745.2	
808	36262	30745.2	28323.8	
809	36262	28323.8	28312.3	
810	36262	28312.3	30099.6	
811	36262	30099.6	27620.4	
812	36262	27620.4	26366.7	
813	36262	26366.7	25729.9	
814	36262	25729.9	28198.5	
815	36262	28198.5	24555.9	
816	36262	24555.9	26340.6	
817	36262	26340.6	30067.3	
818	36262	30067.3	28840.9	
819	36262	28840.9	28867.6	
820	36262	28867.6	31353.1	
821	36262	31353.1	29582	
822	36262	29582	32007.5	
823	36262	32007.5	28971.5	
824	36262	28971.5	26568.7	
825	36262	26568.7	29582.8	
826	36262	29582.8	30196.6	
827	36262	30196.6	31987.1	
828	36262	31987.1	28924.6	
829	36262	28924.6	34914.3	
830	36262	34914.3	30181.9	
831	36262	30181.9	28911.6	
832	36262	28911.6	30761.6	
833	36262	30761.6	30138.7	
834	36262	30138.7	27766.8	
835	36262	27766.8	28372	
836	36262	28372	27723.1	
837	36262	27723.1	27750.8	
838	36262	27750.8	29554.8	
839	36262	29554.8	27122.7	
840	36262	27122.7	30765.1	
841	36262	30765.1	32543.9	
842	36262	32543.9	30180.2	
843	36262	30180.2	30169.2	
844	36262	30169.2	33162.6	
845	36262	33162.6	30772.1	
846	36262	30772.1	27181.6	
847	36262	27181.6	27793.3	
848	36262	27793.3	27183.7	
849	36262	27183.7	30778.1	
850	36262	30778.1	28941.5	
851	36262	28941.5	30775	
852	36262	30775	27179	
853	36262	27179	27157.6	
854	36262	27157.6	26585.1	
855	36262	26585.1	25354.1	
856	36262	25354.1	29585.2	
857	36262	29585.2	30178.3	
858	36262	30178.3	30806.5	
859	36262	30806.5	32019.1	
860	36262	32019.1	32013.2	
861	36262	32013.2	30784.5	
862	36262	30784.5	31381.9	
863	36262	31381.9	30199.1	
864	36262	30199.1	28958.8	
865	36262	28958.8	30179.6	
866	36262	30179.6	31344.3	
867	36262	31344.3	30758.1	
868	36262	30758.1	27754.1	
869	36262	27754.1	28966.5	
870	36262	28966.5	28388.7	
871	36262	28388.7	31987.1	
872	36262	31987.1	28353.1	
873	36262	28353.1	30760.1	
874	36262	30760.1	27765.7	
875	36262	27765.7	30203.9	
876	36262	30203.9	33214.2	
877	36262	33214.2	28940.4	
878	36262	28940.4	31367.6	
879	36262	31367.6	28967	
880	36262	28967	30180	
881	36262	30180	30169.9	
882	36262	30169.9	31400	
883	36262	31400	32591.9	
884	36262	32591.9	30196.6	
885	36262	30196.6	28969.7	
886	36262	28969.7	27156	
887	36262	27156	27744.4	
888	36262	27744.4	30146.4	
889	36262	30146.4	30142.3	
890	36262	30142.3	32017.4	
891	36262	32017.4	30183.6	
892	36262	30183.6	31395.5	
893	36262	31395.5	32613.8	
894	36262	32613.8	27735.1	
895	36262	27735.1	27118.5	
896	36262	27118.5	27133.1	
897	36262	27133.1	29542.2	
898	36262	29542.2	28966.3	
899	36262	28966.3	27152.2	
900	36262	27152.2	26567.9	
901	36262	26567.9	30802.3	
902	36262	30802.3	29581.3	
903	36262	29581.3	28965.6	
904	36262	28965.6	30174.2	
905	36262	30174.2	28350.2	
906	36262	28350.2	31347.4	
907	36262	31347.4	31367.4	
908	36262	31367.4	28309	
909	36262	28309	31962.4	
910	36262	31962.4	32600.4	
911	36262	32600.4	29563.9	
912	36262	29563.9	30768.6	
913	36262	30768.6	28350	
914	36262	28350	30168.6	
915	36262	30168.6	29590.3	
916	36262	29590.3	29562.7	
917	36262	29562.7	28365.2	
918	36262	28365.2	30158.8	
919	36262	30158.8	30161.6	
920	36262	30161.6	28368.1	
921	36262	28368.1	28917.2	
922	36262	28917.2	28370.7	
923	36262	28370.7	30813.9	
924	36262	30813.9	30807.5	
925	36262	30807.5	30789.9	
926	36262	30789.9	28371.4	
927	36262	28371.4	30818.1	
928	36262	30818.1	29594.1	
929	36262	29594.1	27761.2	
930	36262	27761.2	25925.5	
931	36262	25925.5	30138.8	
932	36262	30138.8	31355.3	
933	36262	31355.3	29542.2	
934	36262	29542.2	29590.4	
935	36262	29590.4	29575.3	
936	36262	29575.3	29581.2	
937	36262	29581.2	31392.8	
938	36262	31392.8	28895.5	
939	36262	28895.5	29579	
940	36262	29579	28996.1	
941	36262	28996.1	29589.2	
942	36262	29589.2	28927.2	
943	36262	28927.2	31932.3	
944	36262	31932.3	25346.6	
945	36262	25346.6	26517.6	
946	36262	26517.6	28877.6	
947	36262	28877.6	33120.8	
948	36262	33120.8	30165.6	
949	36262	30165.6	28343.6	
950	36262	28343.6	28337.9	
951	36262	28337.9	27708.1	
952	36262	27708.1	30188.4	
953	36262	30188.4	30808.4	
954	36262	30808.4	28369.2	
955	36262	28369.2	34429.3	
956	36262	34429.3	29577.8	
957	36262	29577.8	28916	
958	36262	28916	31972.6	
959	36262	31972.6	27726.8	
960	36262	27726.8	28964.3	
961	36262	28964.3	30127.4	
962	36262	30127.4	31996.7	
963	36262	31996.7	27740.3	
964	36262	27740.3	33136.8	
965	36262	33136.8	31994.1	
966	36262	31994.1	30782.7	
967	36262	30782.7	32589.2	
968	36262	32589.2	31391	
969	36262	31391	30798.5	
970	36262	30798.5	28373.2	
971	36262	28373.2	25972.4	
972	36262	25972.4	27121.3	
973	36262	27121.3	28908.1	
974	36262	28908.1	28950.7	
975	36262	28950.7	27131.9	
976	36262	27131.9	27713.1	
977	36262	27713.1	28962.7	
978	36262	28962.7	29557.6	
979	36262	29557.6	30809.5	
980	36262	30809.5	34373.6	
981	36262	34373.6	30793.8	
982	36262	30793.8	28981.6	
983	36262	28981.6	29593.8	
984	36262	29593.8	28361.9	
985	36262	28361.9	29562.8	
986	36262	29562.8	30770.7	
987	36262	30770.7	28995.9	
988	36262	28995.9	28344.7	
989	36262	28344.7	31397.7	
990	36262	31397.7	29595	
991	36262	29595	29581.1	
992	36262	29581.1	30178	
993	36262	30178	29600.5	
994	36262	29600.5	29604.2	
995	36262	29604.2	28390.1	
996	36262	28390.1	27746.8	
997	36262	27746.8	27115.7	
998	36262	27115.7	28955	
999	36262	28955	28338.6	
1000	36262	28338.6	27777.2	
1001	36262	27777.2	30763.8	
1002	36262	30763.8	30200.5	
1003	36262	30200.5	30130.5	
1004	36262	30130.5	28325.6	
1005	36262	28325.6	27128.5	
1006	36262	27128.5	27750.9	
1007	36262	27750.9	32008.5	
1008	36262	32008.5	28368.3	
1009	36262	28368.3	28921.9	
1010	36262	28921.9	30172.3	
1011	36262	30172.3	30177.5	
1012	36262	30177.5	31943.1	
1013	36262	31943.1	27170	
1014	36262	27170	27756.6	
1015	36262	27756.6	30760.5	
1016	36262	30760.5	30154.4	
1017	36262	30154.4	29568.8	
1018	36262	29568.8	31406.1	
1019	36262	31406.1	30158.5	
1020	36262	30158.5	30173.6	
1021	36262	30173.6	30150.3	
1022	36262	30150.3	29575.1	
1023	36262	29575.1	32004.3	
1024	36262	32004.3	30784.9	
1025	36262	30784.9	29568.7	
1026	36262	29568.7	32619.5	
1027	36262	32619.5	30820.2	
1028	36262	30820.2	29572.6	
1029	36262	29572.6	28981.7	
1030	36262	28981.7	29542.9	
1031	36262	29542.9	31382	
1032	36262	31382	33221.7	
1033	36262	33221.7	29578.6	
1034	36262	29578.6	29589.7	
1035	36262	29589.7	27794.3	
1036	36262	27794.3	28356	
1037	36262	28356	30126.1	
1038	36262	30126.1	29561.5	
1039	36262	29561.5	30794.5	
1040	36262	30794.5	29572.3	
1041	36262	29572.3	30190.9	
1042	36262	30190.9	32592.5	
1043	36262	32592.5	30151.8	
1044	36262	30151.8	27173.3	
1045	36262	27173.3	30792.1	
1046	36262	30792.1	28971.6	
1047	36262	28971.6	27726.3	
1048	36262	27726.3	24723.6	
1049	36262	24723.6	28955.7	
1050	36262	28955.7	30710.5	
1051	36262	30710.5	26522.1	
1052	36262	26522.1	27694.7	
1053	36262	27694.7	30141.3	
1054	36262	30141.3	28350.6	
1055	36262	28350.6	28354.6	
1056	36262	28354.6	31373.6	
1057	36262	31373.6	30753.1	
1058	36262	30753.1	31389.1	
1059	36262	31389.1	29601.1	
1060	36262	29601.1	30160.5	
1061	36262	30160.5	29603.1	
1062	36262	29603.1	26562.6	
1063	36262	26562.6	27171.5	
1064	36262	27171.5	31363.4	
1065	36262	31363.4	31414.6	
1066	36262	31414.6	30786.1	
1067	36262	30786.1	30811.6	
1068	36262	30811.6	31380.3	
1069	36262	31380.3	29555.8	
1070	36262	29555.8	25896.8	
1071	36262	25896.8	25295.5	
1072	36262	25295.5	30105.5	
1073	36262	30105.5	30141.3	
1074	36262	30141.3	30161.1	
1075	36262	30161.1	29580.7	
1076	36262	29580.7	32002.7	
1077	36262	32002.7	33165.7	
1078	36262	33165.7	30184.2	
1079	36262	30184.2	28942.6	
1080	36262	28942.6	26561.8	
1081	36262	26561.8	28923	
1082	36262	28923	29553.2	
1083	36262	29553.2	25368.3	
1084	36262	25368.3	25936.9	
1085	36262	25936.9	29524.3	
1086	36262	29524.3	31358.2	
1087	36262	31358.2	30775.1	
1088	36262	30775.1	27747.3	
1089	36262	27747.3	24761.2	
1090	36262	24761.2	25949.4	
1091	36262	25949.4	25342.2	
1092	36262	25342.2	23533.4	
1093	36262	23533.4	27149.3	
1094	36262	27149.3	28917.7	
1095	36262	28917.7	24678.1	
1096	36262	24678.1	27114.9	
1097	36262	27114.9	30731.9	
1098	36262	30731.9	31919.1	
1099	36262	31919.1	30177.1	
1100	36262	30177.1	29571.7	
1101	36262	29571.7	30748.4	
1102	36262	30748.4	28944.3	
1103	36262	28944.3	29588.1	
1104	36262	29588.1	32567.6	
1105	36262	32567.6	30738.1	
1106	36262	30738.1	31927.8	
1107	36262	31927.8	30759.2	
1108	36262	30759.2	34358.1	
1109	36262	34358.1	29591.1	
1110	36262	29591.1	28996.3	
1111	36262	28996.3	32600	
1112	36262	32600	28372.6	
1113	36262	28372.6	30204.2	
1114	36262	30204.2	31396.6	
1115	36262	31396.6	31962.2	
1116	36262	31962.2	31365.2	
1117	36262	31365.2	28968.7	
1118	36262	28968.7	32001.7	
1119	36262	32001.7	30778.6	
1120	36262	30778.6	29610.1	
1121	36262	29610.1	28985.6	
1122	36262	28985.6	28326.7	
1123	36262	28326.7	31327.2	
1124	36262	31327.2	30189.9	
1125	36262	30189.9	31927.8	
1126	36262	31927.8	28911.9	
1127	36262	28911.9	28342.7	
1128	36262	28342.7	30141	
1129	36262	30141	29518.2	
1130	36262	29518.2	28296.4	
1131	36262	28296.4	28346.3	
1132	36262	28346.3	32548.3	
1133	36262	32548.3	31380	
1134	36262	31380	30791.4	
1135	36262	30791.4	30213.3	
1136	36262	30213.3	30169	
1137	36262	30169	30797.1	
1138	36262	30797.1	29593.7	
1139	36262	29593.7	30750	
1140	36262	30750	28347.3	
1141	36262	28347.3	30788.7	
1142	36262	30788.7	30810.8	
1143	36262	30810.8	32029	
1144	36262	32029	32605.2	
1145	36262	32605.2	28946.9	
1146	36262	28946.9	29520.8	
1147	36262	29520.8	27756.4	
1148	36262	27756.4	30194.1	
1149	36262	30194.1	30204.9	
1150	36262	30204.9	31415.1	
1151	36262	31415.1	27167.5	
1152	36262	27167.5	27745.4	
1153	36262	27745.4	27787.7	
1154	36262	27787.7	28377.4	
1155	36262	28377.4	27191.2	
1156	36262	27191.2	28966.1	
1157	36262	28966.1	28365.7	
1158	36262	28365.7	27754	
1159	36262	27754	27786.3	
1160	36262	27786.3	28369.3	
1161	36262	28369.3	28983.4	
1162	36262	28983.4	28366.3	
1163	36262	28366.3	27188.6	
1164	36262	27188.6	30193.5	
1165	36262	30193.5	33155.5	
1166	36262	33155.5	28963.1	
1167	36262	28963.1	30145.9	
1168	36262	30145.9	26551.1	
1169	36262	26551.1	25939.1	
1170	36262	25939.1	25919.5	
1171	36262	25919.5	30127.7	
1172	36262	30127.7	27152.1	
1173	36262	27152.1	30746.2	
1174	36262	30746.2	30177.7	
1175	36262	30177.7	27740.2	
1176	36262	27740.2	28903.8	
1177	36262	28903.8	30719	
1178	36262	30719	31350.7	
1179	36262	31350.7	31388.9	
1180	36262	31388.9	31352.7	
1181	36262	31352.7	30752.9	
1182	36262	30752.9	28955.1	
1183	36262	28955.1	29579.3	
1184	36262	29579.3	29571.2	
1185	36262	29571.2	27168.3	
1186	36262	27168.3	29523.9	
1187	36262	29523.9	29494.2	
1188	36262	29494.2	28902.9	
1189	36262	28902.9	26569.5	
1190	36262	26569.5	29575.9	
1191	36262	29575.9	29572.6	
1192	36262	29572.6	27169.1	
1193	36262	27169.1	28969.2	
1194	36262	28969.2	29593.7	
1195	36262	29593.7	30170.5	
1196	36262	30170.5	32027.7	
1197	36262	32027.7	28381.3	
1198	36262	28381.3	27788.7	
1199	36262	27788.7	29572.9	
1200	36262	29572.9	32575.4	
1201	36262	32575.4	33731.6	
1202	36262	33731.6	33770.3	
1203	36262	33770.3	30798.7	
1204	36262	30798.7	30194.7	
1205	36262	30194.7	30200.1	
1206	36262	30200.1	30749	
1207	36262	30749	30184.9	
1208	36262	30184.9	30165.1	
1209	36262	30165.1	31389.1	
1210	36262	31389.1	28346.7	
1211	36262	28346.7	28347.8	
1212	36262	28347.8	27158	
1213	36262	27158	30779.8	
1214	36262	30779.8	28964.8	
1215	36262	28964.8	29542.7	
1216	36262	29542.7	27773.1	
1217	36262	27773.1	30199.2	
1218	36262	30199.2	30197.8	
1219	36262	30197.8	27173.3	
1220	36262	27173.3	31359.4	
1221	36262	31359.4	26560.1	
1222	36262	26560.1	27169	
1223	36262	27169	32613	
1224	36262	32613	30800.8	
1225	36262	30800.8	30199.2	
1226	36262	30199.2	31981.5	
1227	36262	31981.5	33190.7	
1228	36262	33190.7	28950.7	
1229	36262	28950.7	31320.7	
1230	36262	31320.7	30749.4	
1231	36262	30749.4	31956.1	
1232	36262	31956.1	30758.9	
1233	36262	30758.9	30785.3	
1234	36262	30785.3	30214.1	
1235	36262	30214.1	31408.6	
1236	36262	31408.6	31394.7	
1237	36262	31394.7	30198.4	
1238	36262	30198.4	29574	
1239	36262	29574	28363	
1240	36262	28363	29551.7	
1241	36262	29551.7	31370.2	
1242	36262	31370.2	29565.8	
1243	36262	29565.8	31351.1	
1244	36262	31351.1	28964.4	
1245	36262	28964.4	27189.1	
1246	36262	27189.1	28986.7	
1247	36262	28986.7	30204.6	
1248	36262	30204.6	33237.4	
1249	36262	33237.4	32608.3	
1250	36262	32608.3	27774.8	
1251	36262	27774.8	27741	
1252	36262	27741	29597	
1253	36262	29597	27165.1	
1254	36262	27165.1	30789.2	
1255	36262	30789.2	29569.2	
1256	36262	29569.2	28368.6	
1257	36262	28368.6	28968.3	
1258	36262	28968.3	29581	
1259	36262	29581	28341	
1260	36262	28341	30755.2	
1261	36262	30755.2	33166.6	
1262	36262	33166.6	30198.6	
1263	36262	30198.6	32020.8	
1264	36262	32020.8	29593.9	
1265	36262	29593.9	26585	
1266	36262	26585	29589.8	
1267	36262	29589.8	31924.8	
1268	36262	31924.8	29547.1	
1269	36262	29547.1	33229.3	
1270	36262	33229.3	28967.1	
1271	36262	28967.1	30116.7	
1272	36262	30116.7	30203	
1273	36262	30203	28319.6	
1274	36262	28319.6	27115.5	
1275	36262	27115.5	25359.3	
1276	36262	25359.3	27782.2	
1277	36262	27782.2	30201.1	
1278	36262	30201.1	31379.6	
1279	36262	31379.6	28969.4	
1280	36262	28969.4	32021.1	
1281	36262	32021.1	31424.3	
1282	36262	31424.3	27755.9	
1283	36262	27755.9	25925.2	
1284	36262	25925.2	27135.3	
1285	36262	27135.3	27180.2	
1286	36262	27180.2	30743.1	
1287	36262	30743.1	30185	
1288	36262	30185	30190	
1289	36262	30190	27131.5	
1290	36262	27131.5	31974.5	
1291	36262	31974.5	30142.2	
1292	36262	30142.2	26528.3	
1293	36262	26528.3	26563.9	
1294	36262	26563.9	25959.9	
1295	36262	25959.9	25884.7	
1296	36262	25884.7	26436.4	
1297	36262	26436.4	27081.3	
1298	36262	27081.3	26553.6	
1299	36262	26553.6	23519.8	
1300	36262	23519.8	24150	
1301	36262	24150	24765.9	
1302	36262	24765.9	28969.2	
1303	36262	28969.2	28881.8	
1304	36262	28881.8	29594.1	
1305	36262	29594.1	30739	
1306	36262	30739	27158.7	
1307	36262	27158.7	29576.9	
1308	36262	29576.9	28359	
1309	36262	28359	28989.6	
1310	36262	28989.6	32556.6	
1311	36262	32556.6	32605.6	
1312	36262	32605.6	30182.2	
1313	36262	30182.2	30172.2	
1314	36262	30172.2	30165.4	
1315	36262	30165.4	29609	
1316	36262	29609	30789.9	
1317	36262	30789.9	29546.3	
1318	36262	29546.3	31974.8	
1319	36262	31974.8	29568.4	
1320	36262	29568.4	31353.9	
1321	36262	31353.9	28972.7	
1322	36262	28972.7	27739	
1323	36262	27739	28969.4	
1324	36262	28969.4	25335.6	
1325	36262	25335.6	30158.6	
1326	36262	30158.6	31994.9	
1327	36262	31994.9	32605.7	
1328	36262	32605.7	28380.7	
1329	36262	28380.7	30148.7	
1330	36262	30148.7	28309	
1331	36262	28309	31343.8	
1332	36262	31343.8	29550.1	
1333	36262	29550.1	28970.8	
1334	36262	28970.8	28994.6	
1335	36262	28994.6	35004.1	
1336	36262	35004.1	32570.3	
1337	36262	32570.3	28987.4	
1338	36262	28987.4	23550.9	
1339	36262	23550.9	26571.2	
1340	36262	26571.2	28358.1	
1341	36262	28358.1	28996.1	
1342	36262	28996.1	32006.5	
1343	36262	32006.5	28983.6	
1344	36262	28983.6	32000.6	
1345	36262	32000.6	29609.4	
1346	36262	29609.4	26572.2	
1347	36262	26572.2	28371.4	
1348	36262	28371.4	30160.3	
1349	36262	30160.3	31974.6	
1350	36262	31974.6	28336.4	
1351	36262	28336.4	33797.4	
1352	36262	33797.4	30782.1	
1353	36262	30782.1	30727.1	
1354	36262	30727.1	30170.8	
1355	36262	30170.8	28940.5	
1356	36262	28940.5	30766.1	
1357	36262	30766.1	28963.8	
1358	36262	28963.8	29516.2	
1359	36262	29516.2	25286.4	
1360	36262	25286.4	28916	
1361	36262	28916	30722.1	
1362	36262	30722.1	30171.5	
1363	36262	30171.5	31963.8	
1364	36262	31963.8	27106	
1365	36262	27106	29505.7	
1366	36262	29505.7	30750	
1367	36262	30750	32580.5	
1368	36262	32580.5	30196.6	
1369	36262	30196.6	27183	
1370	36262	27183	31409.1	
1371	36262	31409.1	28366.2	
1372	36262	28366.2	29545.6	
1373	36262	29545.6	30765.4	
1374	36262	30765.4	27177.2	
1375	36262	27177.2	27734.7	
1376	36262	27734.7	30185.9	
1377	36262	30185.9	30155.1	
1378	36262	30155.1	24129.2	
1379	36262	24129.2	25965.6	
1380	36262	25965.6	28369	
1381	36262	28369	28343.8	
1382	36262	28343.8	29491.4	
1383	36262	29491.4	25924.9	
1384	36262	25924.9	30171.4	
1385	36262	30171.4	32594.3	
1386	36262	32594.3	30204.6	
1387	36262	30204.6	26545	
1388	36262	26545	27752.8	
1389	36262	27752.8	27182.1	
1390	36262	27182.1	30190.8	
1391	36262	30190.8	28343	
1392	36262	28343	27746.3	
1393	36262	27746.3	26527.3	
1394	36262	26527.3	28972.2	
1395	36262	28972.2	28958.5	
1396	36262	28958.5	31401.9	
1397	36262	31401.9	31392.4	
1398	36262	31392.4	28372.4	
1399	36262	28372.4	28373.6	
1400	36262	28373.6	29569.5	
1401	36262	29569.5	32549.3	
1402	36262	32549.3	28965.8	
1403	36262	28965.8	23545.4	
1404	36262	23545.4	26538.1	
1405	36262	26538.1	29505.9	
1406	36262	29505.9	29554.9	
1407	36262	29554.9	27177.1	
1408	36262	27177.1	25935.1	
1409	36262	25935.1	28350.3	
1410	36262	28350.3	31408.7	
1411	36262	31408.7	31386.8	
1412	36262	31386.8	25972.5	
1413	36262	25972.5	28401.3	
1414	36262	28401.3	30765.2	
1415	36262	30765.2	28985.4	
1416	36262	28985.4	33819	
1417	36262	33819	31973.3	
1418	36262	31973.3	29580.7	
1419	36262	29580.7	32010.6	
1420	36262	32010.6	28979.1	
1421	36262	28979.1	29579.9	
1422	36262	29579.9	28980.2	
1423	36262	28980.2	30133.1	
1424	36262	30133.1	30755.1	
1425	36262	30755.1	30753.3	
1426	36262	30753.3	30138.5	
1427	36262	30138.5	28366.5	
1428	36262	28366.5	28381.2	
1429	36262	28381.2	28356.3	
1430	36262	28356.3	28344.5	
1431	36262	28344.5	25375.6	
1432	36262	25375.6	25966.8	
1433	36262	25966.8	27141.9	
1434	36262	27141.9	25906.1	
1435	36262	25906.1	28926.6	
1436	36262	28926.6	30777.6	
1437	36262	30777.6	31397.9	
1438	36262	31397.9	28982.2	
1439	36262	28982.2	30179.1	
1440	36262	30179.1	28993.2	
1441	36262	28993.2	27169	
1442	36262	27169	29541.1	
1443	36262	29541.1	30727.6	
1444	36262	30727.6	31324.5	
1445	36262	31324.5	28357.7	
1446	36262	28357.7	30718.9	
1447	36262	30718.9	30751.8	
1448	36262	30751.8	28956.8	
1449	36262	28956.8	28973.7	
1450	36262	28973.7	32613.6	
1451	36262	32613.6	29575.5	
1452	36262	29575.5	28394.1	
1453	36262	28394.1	28373	
1454	36262	28373	29584.7	
1455	36262	29584.7	29593.1	
1456	36262	29593.1	29592.4	
1457	36262	29592.4	31977.7	
1458	36262	31977.7	28336.9	
1459	36262	28336.9	31968.4	
1460	36262	31968.4	33180.6	
1461	36262	33180.6	31364.9	
1462	36262	31364.9	30170.5	
1463	36262	30170.5	29005	
1464	36262	29005	26532.8	
1465	36262	26532.8	28946.5	
1466	36262	28946.5	28976.1	
1467	36262	28976.1	30782.2	
1468	36262	30782.2	32002.8	
1469	36262	32002.8	27743.8	
1470	36262	27743.8	27163.8	
1471	36262	27163.8	30162.7	
1472	36262	30162.7	33169.5	
1473	36262	33169.5	33238.2	
1474	36262	33238.2	29584.1	
1475	36262	29584.1	30198.1	
1476	36262	30198.1	32005.7	
1477	36262	32005.7	29551.5	
1478	36262	29551.5	28949.4	
1479	36262	28949.4	30214	
1480	36262	30214	28952.6	
1481	36262	28952.6	30112.8	
1482	36262	30112.8	29591.7	
1483	36262	29591.7	31374.4	
1484	36262	31374.4	27113	
1485	36262	27113	25926.9	
1486	36262	25926.9	26550.5	
1487	36262	26550.5	31941	
1488	36262	31941	31965.9	
1489	36262	31965.9	33803.2	
1490	36262	33803.2	30764	
1491	36262	30764	28949.5	
1492	36262	28949.5	28362.7	
1493	36262	28362.7	28349.6	
1494	36262	28349.6	31962.1	
1495	36262	31962.1	32019.5	
1496	36262	32019.5	32579.2	
1497	36262	32579.2	30762.5	
1498	36262	30762.5	27767	
1499	36262	27767	28992.5	
1500	36262	28992.5	31981.7	
1501	36262	31981.7	26559.2	
1502	36262	26559.2	30174.3	
1503	36262	30174.3	29559	
1504	36262	29559	28972.9	
1505	36262	28972.9	31307.3	
1506	36262	31307.3	29546.6	
1507	36262	29546.6	31994.4	
1508	36262	31994.4	31979.9	
1509	36262	31979.9	28971.8	
1510	36262	28971.8	28942.2	
1511	36262	28942.2	29529	
1512	36262	29529	31975.1	
1513	36262	31975.1	28983.7	
1514	36262	28983.7	29602.3	
1515	36262	29602.3	27784.2	
1516	36262	27784.2	28361.8	
1517	36262	28361.8	27168.5	
1518	36262	27168.5	30800.4	
1519	36262	30800.4	26550	
1520	36262	26550	30197	
1521	36262	30197	32003.8	
1522	36262	32003.8	25942.7	
1523	36262	25942.7	29582.2	
1524	36262	29582.2	29590.4	
1525	36262	29590.4	25375.3	
1526	36262	25375.3	30185.5	
1527	36262	30185.5	30190.9	
1528	36262	30190.9	30738.5	
1529	36262	30738.5	28394.2	
1530	36475	28394.2	25374.9	
1531	36475	25374.9	24728	
1532	36475	24728	30763.5	
1533	36475	30763.5	27767.2	
1534	36475	27767.2	29591.4	
1535	36475	29591.4	24761.1	
1536	36475	24761.1	27791.7	
1537	36475	27791.7	27769.2	
1538	36475	27769.2	24126.9	
1539	36475	24126.9	22970.8	
1540	36475	22970.8	23007.6	
1541	36475	23007.6	16326.5	
1542	36475	16326.5	17531.2	
1543	36475	17531.2	16378.9	
1544	36475	16378.9	16360.7	
1545	36591	16360.7	23032.3	
1546	36591	23032.3	27241.2	
1547	36591	27241.2	29681	
1548	36591	29681	30283.7	
1549	36591	30283.7	27298.1	
1550	36591	27298.1	26080.6	
1551	36591	26080.6	26017.3	
1552	36591	26017.3	27325.7	
1553	36591	27325.7	29704	
1554	36591	29704	26625.8	
1555	36591	26625.8	30870.3	
1556	36591	30870.3	30914.1	
1557	36591	30914.1	29126.8	
1558	36591	29126.8	23653.1	
1559	36591	23653.1	26042.1	
1560	36591	26042.1	26079.9	
1561	36591	26079.9	26647.5	
1562	36591	26647.5	27314	
1563	36591	27314	29130.4	
1564	36591	29130.4	27947.3	
1565	36591	27947.3	27383.1	
1566	36591	27383.1	26755.3	
1567	36591	26755.3	24354.3	
1568	36591	24354.3	26155.2	
1569	36591	26155.2	30370.9	
1570	36591	30370.9	32828.9	
1571	36591	32828.9	31670.5	
1572	36591	31670.5	29240.1	
1573	36591	29240.1	31082.1	
1574	36591	31082.1	29254.9	
1575	36591	29254.9	28596.9	
1576	36591	28596.9	27382.1	
1577	36591	27382.1	30443	
1578	36591	30443	32274.4	
1579	36591	32274.4	31073.9	
1580	36591	31073.9	28548.2	
1581	36591	28548.2	30398.8	
1582	36591	30398.8	31003.1	
1583	36591	31003.1	31070	
1584	36591	31070	27970.3	
1585	36591	27970.3	28563.6	
1586	36591	28563.6	26141.6	
1587	36591	26141.6	26167	
1588	36591	26167	27990.5	
1589	36591	27990.5	26178.6	
1590	36591	26178.6	31649.1	
1591	36591	31649.1	30449.9	
1592	36591	30449.9	31064.6	
1593	36591	31064.6	32306.6	
1594	36591	32306.6	31686.8	
1595	36591	31686.8	28609.9	
1596	36591	28609.9	24940.4	
1597	36591	24940.4	28611.7	
1598	36591	28611.7	32281.2	
1599	36591	32281.2	32256.1	
1600	36591	32256.1	30455.1	
1601	36591	30455.1	30467.9	
1602	36591	30467.9	32911.1	
1603	36591	32911.1	30458	
1604	36591	30458	31056.9	
1605	36591	31056.9	30438	
1606	36591	30438	29218.4	
1607	36591	29218.4	30453.3	
1608	36591	30453.3	29242.7	
1609	36591	29242.7	29867.2	
1610	36591	29867.2	31049.4	
1611	36591	31049.4	31046.3	
1612	36591	31046.3	32852.3	
1613	36591	32852.3	32268.4	
1614	36591	32268.4	32276.7	
1615	36591	32276.7	31023.3	
1616	36591	31023.3	31644.1	
1617	36591	31644.1	32282.8	
1618	36591	32282.8	28625.2	
1619	36591	28625.2	29236.7	
1620	36591	29236.7	31636.9	
1621	36591	31636.9	29793	
1622	36591	29793	29208.9	
1623	36591	29208.9	29237.6	
1624	36591	29237.6	30457.8	
1625	36591	30457.8	31048.3	
1626	36591	31048.3	31057.1	
1627	36591	31057.1	33507.4	
1628	36591	33507.4	31685.8	
1629	36591	31685.8	29236.9	
1630	36591	29236.9	31036.8	
1631	36591	31036.8	28589.3	
1632	36591	28589.3	29834	
1633	36591	29834	29203	
1634	36591	29203	27384.2	
1635	36591	27384.2	29807.2	
1636	36591	29807.2	30423.5	
1637	36591	30423.5	34004	
1638	36591	34004	28000.7	
1639	36591	28000.7	32273.7	
1640	36591	32273.7	31680.2	
1641	36591	31680.2	32271.1	
1642	36591	32271.1	32823.9	
1643	36591	32823.9	30435.2	
1644	36591	30435.2	27411	
1645	36591	27411	31610.7	
1646	36591	31610.7	26781	
1647	36591	26781	28633.6	
1648	36591	28633.6	29857.9	
1649	36591	29857.9	27422.1	
1650	36591	27422.1	28016.9	
1651	36591	28016.9	28564.1	
1652	36591	28564.1	32898.2	
1653	36591	32898.2	31077.8	
1654	36591	31077.8	28012.7	
1655	36591	28012.7	32859.3	
1656	36591	32859.3	32301.1	
1657	36591	32301.1	32273.6	
1658	36591	32273.6	28612	
1659	36591	28612	28615.7	
1660	36591	28615.7	27386.3	
1661	36591	27386.3	29239.1	
1662	36591	29239.1	30414.9	
1663	36591	30414.9	30428.8	
1664	36591	30428.8	30466.8	
1665	36591	30466.8	26191.8	
1666	36591	26191.8	31616.2	
1667	36591	31616.2	32899.5	
1668	36591	32899.5	33526.1	
1669	36591	33526.1	31091.1	
1670	36591	31091.1	31033.9	
1671	36591	31033.9	29786.7	
1672	36591	29786.7	29809.3	
1673	36591	29809.3	27986.3	
1674	36591	27986.3	31656.6	
1675	36591	31656.6	31667.7	
1676	36591	31667.7	31673.1	
1677	36591	31673.1	29246.3	
1678	36591	29246.3	29235.1	
1679	36591	29235.1	29820.2	
1680	36591	29820.2	29804	
1681	36591	29804	29227.6	
1682	36591	29227.6	30437.8	
1683	36591	30437.8	28631.3	
1684	36591	28631.3	28617.5	
1685	36591	28617.5	26772.6	
1686	36591	26772.6	26131.2	
1687	36591	26131.2	27973.9	
1688	36591	27973.9	31015.2	
1689	36591	31015.2	31596.4	
1690	36591	31596.4	28612.1	
1691	36591	28612.1	29851.2	
1692	36591	29851.2	28005.1	
1693	36591	28005.1	30473.4	
1694	36591	30473.4	29858.8	
1695	36591	29858.8	26208.5	
1696	36591	26208.5	26193.2	
1697	36591	26193.2	29222.5	
1698	36591	29222.5	27400.3	
1699	36591	27400.3	26178.7	
1700	36591	26178.7	29237	
1701	36591	29237	29814.6	
1702	36591	29814.6	28623.3	
1703	36591	28623.3	24957.5	
1704	36591	24957.5	26198.6	
1705	36591	26198.6	31090.9	
1706	36591	31090.9	31708.4	
1707	36591	31708.4	30455.7	
1708	36591	30455.7	29233.9	
1709	36591	29233.9	27426.5	
1710	36591	27426.5	29215.9	
1711	36591	29215.9	25537.8	
1712	36591	25537.8	24292.1	
1713	36591	24292.1	28001.9	
1714	36591	28001.9	26814	
1715	36591	26814	29847.1	
1716	36591	29847.1	28013.3	
1717	36591	28013.3	29226.3	
1718	36591	29226.3	28611.2	
1719	36591	28611.2	26790.1	
1720	36591	26790.1	30460.8	
1721	36591	30460.8	28002.4	
1722	36591	28002.4	30425.7	
1723	36591	30425.7	30459.9	
1724	36591	30459.9	30449.7	
1725	36591	30449.7	28010.2	
1726	36591	28010.2	24936.2	
1727	36591	24936.2	29806.1	
1728	36591	29806.1	27958.5	
1729	36591	27958.5	26716.5	
1730	36591	26716.5	32231.7	
1731	36591	32231.7	31051.3	
1732	36591	31051.3	28011.7	
1733	36591	28011.7	31074.6	
1734	36591	31074.6	31069.6	
1735	36591	31069.6	30488.8	
1736	36591	30488.8	30456.9	
1737	36591	30456.9	27993.8	
1738	36591	27993.8	27993.9	
1739	36591	27993.9	31010.9	
1740	36591	31010.9	25569.3	
1741	36591	25569.3	28586.9	
1742	36591	28586.9	29226.5	
1743	36591	29226.5	31672.7	
1744	36591	31672.7	31075.3	
1745	36591	31075.3	28037.1	
1746	36591	28037.1	32243.7	
1747	36591	32243.7	28023.9	
1748	36591	28023.9	26815.9	
1749	36591	26815.9	28015	
1750	36591	28015	31080	
1751	36591	31080	33496.3	
1752	36591	33496.3	29195.9	
1753	36591	29195.9	30456.6	
1754	36591	30456.6	30465.6	
1755	36591	30465.6	27992.9	
1756	36591	27992.9	27394.1	
1757	36591	27394.1	29214.5	
1758	36591	29214.5	32872.1	
1759	36591	32872.1	28639.4	
1760	36591	28639.4	28626.4	
1761	36591	28626.4	31679.9	
1762	36591	31679.9	31676.7	
1763	36591	31676.7	29247.2	
1764	36591	29247.2	28047.3	
1765	36591	28047.3	30477.9	
1766	36591	30477.9	29261.2	
1767	36591	29261.2	30462.8	
1768	36591	30462.8	31689.9	
1769	36591	31689.9	29234.5	
1770	36591	29234.5	28017	
1771	36591	28017	30410.1	
1772	36591	30410.1	30487.8	
1773	36591	30487.8	31690.5	
1774	36591	31690.5	31079.2	
1775	36591	31079.2	26805.3	
1776	36591	26805.3	29244.3	
1777	36591	29244.3	28609.5	
1778	36591	28609.5	30428	
1779	36591	30428	30466.1	
1780	36591	30466.1	29827.3	
1781	36591	29827.3	29200.4	
1782	36591	29200.4	29852.4	
1783	36591	29852.4	31707.8	
1784	36591	31707.8	29866.6	
1785	36591	29866.6	28026	
1786	36591	28026	29208.1	
1787	36591	29208.1	26754.3	
1788	36591	26754.3	28601.6	
1789	36591	28601.6	28567.3	
1790	36591	28567.3	28618.1	
1791	36591	28618.1	30403.9	
1792	36591	30403.9	31032.5	
1793	36591	31032.5	34121.8	
1794	36591	34121.8	32245.6	
1795	36591	32245.6	33513.5	
1796	36591	33513.5	29245.6	
1797	36591	29245.6	27392.1	
1798	36591	27392.1	28012.9	
1799	36591	28012.9	29198.1	
1800	36591	29198.1	31029.3	
1801	36591	31029.3	31657.1	
1802	36591	31657.1	32263.9	
1803	36591	32263.9	32893.2	
1804	36591	32893.2	30469.6	
1805	36591	30469.6	32906.9	
1806	36591	32906.9	30422.3	
1807	36591	30422.3	29201.6	
1808	36591	29201.6	28620.4	
1809	36591	28620.4	35956.1	
1810	36591	35956.1	28026.8	
1811	36591	28026.8	28649.6	
1812	36591	28649.6	32279.4	
1813	36591	32279.4	28028.2	
1814	36591	28028.2	31018.2	
1815	36591	31018.2	30387.3	
1816	36591	30387.3	30435.8	
1817	36591	30435.8	32883.2	
1818	36591	32883.2	30487.4	
1819	36591	30487.4	29232.1	
1820	36591	29232.1	31667.3	
1821	36591	31667.3	32300	
1822	36591	32300	34126	
1823	36591	34126	31032.6	
1824	36591	31032.6	30426.9	
1825	36591	30426.9	28020	
1826	36591	28020	25560.1	
1827	36591	25560.1	30479.5	
1828	36591	30479.5	27408	
1829	36591	27408	27985	
1830	36591	27985	25587.5	
1831	36591	25587.5	29841.5	
1832	36591	29841.5	29866.1	
1833	36591	29866.1	31596.7	
1834	36591	31596.7	27982.3	
1835	36591	27982.3	29222.8	
1836	36591	29222.8	31663	
1837	36591	31663	29855.4	
1838	36591	29855.4	30488.2	
1839	36591	30488.2	32881.1	
1840	36591	32881.1	32255.8	
1841	36591	32255.8	29844	
1842	36591	29844	31690.7	
1843	36591	31690.7	31675.1	
1844	36591	31675.1	32291.9	
1845	36591	32291.9	29259.9	
1846	36591	29259.9	29254.3	
1847	36591	29254.3	31093.3	
1848	36591	31093.3	29233.3	
1849	36591	29233.3	26185.7	
1850	36591	26185.7	27971.4	
1851	36691	27971.4	26125.8	
1852	36691	26738.2	32201	
1853	36691	32813.1	31637.1	
1854	36691	31637.1	23735.1	
1855	36691	23735.1	23117	
1856	36691	23117	26173.8	
1857	36691	26173.8	24309.5	
1858	36691	24921.7	24823.5	
1859	36691	25435.8	26097.7	
1860	36691	26097.7	26695	
1861	36691	26695	26744.4	
1862	36691	26744.4	27997.6	
1863	36691	27997.6	21345	
1864	36691	21345	21922	
1865	36691	21922	26799.2	
1866	36691	26799.2	18248.5	
1867	36691	18248.4	23672.9	
1868	36691	23672.9	24277.3	
1869	36691	24277.3	20649.2	
1870	36691	20649.2	21884.5	
1871	36691	21884.5	20053.2	
1872	36691	20053.2	21271.9	
1873	36691	21271.9	23086.2	
1874	36691	23086.2	24902.9	
1875	36691	24902.9	23701.9	
1876	36691	23701.9	19515.5	
1877	36691	19515.5	17647.2	
1878	36691	17647.2	21980.8	
1879	36691	21980.8	25635.8	
1880	36691	25635.8	23201.2	
1881	36691	23201.2	26253.6	
1882	36691	26253.6	26856.3	
1883	36691	26856.3	29892.4	
1884	36691	29892.4	29945.7	
1885	36691	29945.7	31169.5	
1886	36691	31169.5	31768.5	
1887	36691	31768.5	35434.8	
1888	36691	35434.8	32345.7	
1889	36691	32345.7	31118.5	
1890	36691	31118.5	31769.5	
1891	36691	31769.5	31148.8	
1892	36691	31148.8	34230.4	
1893	36691	34230.4	33630.7	
1894	36691	33630.7	31768.7	
1895	36691	31768.7	29936.2	
1896	36691	29936.2	31760.7	
1897	36691	31760.7	28084.6	
1898	36691	28084.6	28678.8	
1899	36691	28678.8	28681.1	
1900	36691	28681.1	29290.8	
1901	36691	29290.8	29289.5	
1902	36691	29289.5	29864.6	
1903	36691	29864.6	30465	
1904	36691	30465	28085.1	
1905	36691	28085.1	31723	
1906	36691	31723	32995	
1907	36691	32995	30521.6	
1908	36691	30521.6	31748.6	
1909	36691	31748.6	31792.6	
1910	36691	31792.6	30554.6	
1911	36691	30554.6	28734.8	
1912	36691	28734.8	30557.5	
1913	36691	30557.5	29959.9	
1914	36691	29959.9	30560.5	
1915	36691	30560.5	28716.6	
1916	36691	28716.6	29326.7	
1917	36691	29326.7	29303.2	
1918	36691	29303.2	28691	
1919	36691	28691	30505.6	
1920	36691	30505.6	28077.2	
1921	36691	28077.2	29201.8	
1922	36691	29201.8	29186.1	
1923	36691	29186.1	32270.6	
1924	36691	32270.6	30540.7	
1925	36691	30540.7	30539.8	
1926	36691	30539.8	31147.5	
1927	36691	31147.5	34179.6	
1928	36691	34179.6	31765.2	
1929	36691	31765.2	29931.2	
1930	36691	29931.2	31755.1	
1931	36691	31755.1	30509.2	
1932	36691	30509.2	28658.2	
1933	36691	28658.2	28696.4	
1934	36691	28696.4	29332.5	
1935	36691	29332.5	29339.6	
1936	36691	29339.6	31167.9	
1937	36691	31167.9	31130.4	
1938	36691	31130.4	30435.4	
1939	36691	30435.4	29280.8	
1940	36691	29280.8	29315.1	
1941	36691	29315.1	32984.9	
1942	36691	32984.9	29935.5	
1943	36691	29935.5	31757.4	
1944	36691	31757.4	31152.6	
1945	36691	31152.6	29934.1	
1946	36691	29934.1	29317.9	
1947	36691	29317.9	26212	
1948	36691	26212	24409.6	
1949	36691	24409.6	30452.9	
1950	36691	30452.9	30500.5	
1951	36691	30500.5	26259.3	
1952	36691	26259.3	29904.2	
1953	36691	29904.2	27458.5	
1954	36691	27458.5	32407.5	
1955	36691	32407.5	31175.2	
1956	36691	31175.2	29945.3	
1957	36691	29945.3	31147.1	
1958	36691	31147.1	29226.2	
1959	36691	29226.2	33579.1	
1960	36691	33579.1	32347.5	
1961	36691	32347.5	31149.2	
1962	36691	31149.2	29918.2	
1963	36691	29918.2	28122.7	
1964	36691	28122.7	30538.8	
1965	36691	30538.8	30510.1	
1966	36691	30510.1	29909.1	
1967	36691	29909.1	29301.3	
1968	36691	29301.3	31038.3	
1969	36691	31038.3	32293.6	
1970	36691	32293.6	31730.2	
1971	36691	31730.2	31774.2	
1972	36691	31774.2	31774.2	
1973	36691	31774.2	31774.2	
Column 2: 1973
Column 3: 1973
Column 4: 1972
