jeu_100_75_2.txt_3_bestGAPerIt	jeu_100_75_2.txt_3_popMeanGA	jeu_100_75_2.txt_3_offMeanGA	
0	38658	4249.26	8677.69	
1	39041	8677.69	10465.6	
2	39041	11120.8	13224.1	
3	39293	13224.1	14924.5	
4	39784	14924.5	14853.5	
5	39784	15518.8	16505.3	
6	40803	16505.3	19153.3	
7	40803	19836.2	20425.4	
8	40803	21107.8	19752.8	
9	40803	20435.2	21819.6	
10	40803	22501.6	22007.4	
11	40803	22007.4	21357.2	
12	41810	21357.2	22918.4	
13	41810	23618.4	22850.6	
14	41810	22850.6	24486.6	
15	41810	25185.5	23853.3	
16	41810	24552.1	23380.2	
17	41810	24079.2	22434.2	
18	41867	22434.2	27725.8	
19	41867	28426.5	20053.2	
20	41867	20753.5	18909.8	
21	42404	18909.8	23084.9	
22	42404	23794.2	24998.4	
23	42856	24998.4	26060.4	
24	42856	26776.8	26213.6	
25	43750	26213.6	28422.3	
26	43750	29153.1	28822.5	
27	44727	28822.5	28704.5	
28	47381	28704.5	35216.8	
29	47381	36007.8	31082.5	
30	47381	31873.7	29840.9	
31	47381	30632.1	27744.7	
32	47381	28535.7	25985.5	
33	47381	26777.6	25866	
34	49699	25866	26691.1	
35	49699	27521.7	29290	
36	49699	30119.6	26462.5	
37	49699	27292.1	31794.3	
38	49699	32624	31415.9	
39	49699	32245.5	26451.3	
40	49806	26451.3	27448.7	
41	49806	28281	30013.4	
42	49806	30844.6	26400.1	
43	49806	27231.6	24154.9	
44	49806	24986.5	24174.2	
45	50072	24174.2	24821.2	
46	50072	25658.2	25493.7	
47	50095	25493.7	22611.4	
48	50095	23447.8	23384.4	
49	50442	23384.4	19455.7	
50	50442	19455.7	19544.6	
51	50442	19544.6	23065.1	
52	50442	23907.1	27257.3	
53	50442	27257.3	36754.3	
54	50442	37595.7	29430.7	
55	50820	29430.7	31589.5	
56	50820	32437.5	28571.1	
57	50820	28571.1	34297.5	
58	50820	34297.5	29437	
59	50820	30284.6	32150.2	
60	50820	32150.2	30567.2	
61	50820	31415.1	28229.3	
62	50820	28229.3	29173.7	
63	50820	29173.7	35109.3	
64	51340	35109.3	36636.3	
65	51340	37492.5	28493.1	
66	51340	29349.5	30258.5	
67	51340	31115	32106.1	
68	51427	32106.1	28822.7	
69	51433	28822.7	33695.6	
70	51433	34553.5	36914.8	
71	51433	37772.6	32967.8	
72	51433	33825.5	34615.8	
73	51433	34615.8	31221.2	
74	51433	31221.2	32753.6	
75	51433	33611.8	29563.9	
76	51741	29563.9	34428.7	
77	51905	34428.7	40202.9	
78	51905	40202.9	38327.4	
79	51905	38327.4	35121.1	
80	51905	35121.1	41128.1	
81	52744	41128.1	32040	
82	52744	32040	35501.8	
83	52744	35501.8	36388.7	
84	52744	36388.7	36273.5	
85	52744	37153.3	39742.6	
86	52744	40622.3	38155.2	
87	52744	38155.3	41565.9	
88	52769	41565.9	37566.5	
89	52873	37566.5	39417.5	
90	52873	39417.5	44615.2	
91	52873	44615.2	42085	
92	53087	42085	38845.5	
93	53087	38845.5	31979.8	
94	53087	31979.8	30320.5	
95	53687	30320.5	40648.5	
96	53687	41544	41683.7	
97	53687	41683.7	38399.5	
98	53687	38399.5	42041.1	
99	53687	42041.1	43889.7	
100	53687	43889.7	38691.8	
101	53687	38691.8	42182.6	
102	53687	42182.6	46080.8	
103	53687	46080.8	44345.3	
104	53687	44345.3	46353.2	
105	53687	46353.2	47333.5	
106	53687	47333.5	45487	
107	53687	45487	43712	
108	53687	43712	44593.1	
109	53687	44593.1	47220.5	
110	53687	47220.5	45566.8	
111	53687	45566.8	45589.8	
112	53687	45589.8	45507.1	
113	53687	45507.1	45562.1	
114	53687	45562.1	50903.1	
115	53687	50903.1	48199.5	
116	53687	48199.5	46440	
117	53687	46440	46497.9	
118	53687	46497.9	42881.7	
119	53687	42881.7	40183.3	
120	53687	40183.3	41029.8	
121	53687	41029.8	45376.2	
122	53687	45376.2	45494.2	
123	53687	45494.2	45606.8	
124	53687	45606.8	48255	
125	53687	48255	46428.7	
126	53687	46428.7	42866.1	
127	53687	42866.1	45568.5	
128	53687	45568.5	50024.1	
129	53687	50024.1	46452.5	
130	53687	46452.5	44713.2	
131	53687	44713.2	46431.7	
132	53687	46431.7	41999.6	
133	53687	41999.6	44633.2	
134	53687	44633.2	39280.1	
135	53687	39280.1	48235.9	
136	53687	48235.9	45545.3	
137	53687	45545.3	43821	
138	53687	43821	48305.9	
139	53687	48305.9	48288.4	
140	53687	48288.4	43832.3	
141	53687	43832.3	49156.6	
142	53687	49156.6	47321.1	
143	53687	47321.1	48236.4	
144	53687	48236.4	48214.9	
145	53687	48214.9	44672.4	
146	53687	44672.4	43752.5	
147	53687	43752.5	43839	
148	53687	43839	43774.5	
149	53687	43774.5	44659.4	
150	53687	44659.4	49146.6	
151	53687	49146.6	45529.7	
152	53687	45529.7	45547	
153	53687	45547	47363.9	
154	53687	47363.9	46490.2	
155	53687	46490.2	47400.9	
156	53687	47400.9	47361.8	
157	53687	47361.8	44687.8	
158	53687	44687.8	49135.2	
159	53687	49135.2	45521.6	
160	53687	45521.6	45522.5	
161	53687	45522.5	45514.6	
162	53687	45514.6	47306.3	
163	53687	47306.3	42926	
164	53687	42926	48203.5	
165	53687	48203.5	47373.7	
166	53687	47373.7	47334.5	
167	53687	47334.5	42869.2	
168	53687	42869.2	49981.3	
169	53687	49981.3	44697.6	
170	53687	44697.6	47401.7	
171	53687	47401.7	46427.2	
172	53687	46427.2	45505.2	
173	53687	45505.2	47332	
174	53687	47332	46407.5	
175	53687	46407.5	47309.3	
176	53687	47309.3	48189	
177	53687	48189	46463.3	
178	53687	46463.3	44642.1	
179	53687	44642.1	42788.6	
180	53687	42788.6	48145.7	
181	53687	48145.7	46445.8	
182	53687	46445.8	47387.2	
183	53687	47387.2	48245.2	
184	53687	48245.2	46459.7	
185	53687	46459.7	45525.2	
186	53687	45525.2	49987.1	
187	53687	49987.1	46483.1	
188	53687	46483.1	49130.7	
189	53687	49130.7	43717	
190	53687	43717	48208.6	
191	53687	48208.6	47288.1	
192	53687	47288.1	45532.1	
193	53687	45532.1	44614.8	
194	53687	44614.8	44734.1	
195	53687	44734.1	46377.4	
196	53687	46377.4	45561.8	
197	53687	45561.8	44635.9	
198	53687	44635.9	48167.1	
199	53687	48167.1	46392.1	
200	53687	46392.1	42902.9	
201	53687	42902.9	44701.5	
202	53687	44701.5	46482.4	
203	53687	46482.4	45592.5	
204	53687	45592.5	46507	
205	53687	46507	47365.6	
206	53687	47365.6	42905.8	
207	53687	42905.8	46483.3	
208	53687	46483.3	47345.5	
209	53687	47345.5	46440.1	
210	53687	46440.1	49117.8	
211	53687	49117.8	47288.2	
212	53687	47288.2	46510.6	
213	53687	46510.6	49142	
214	53687	49142	43775.9	
215	53687	43775.9	46454.9	
216	53687	46454.9	46389.4	
217	53687	46389.4	47352	
218	53687	47352	42908.1	
219	53687	42908.1	45550.3	
220	53687	45550.3	48177.2	
221	53687	48177.2	49102	
222	53687	49102	50899.1	
223	53687	50899.1	47354.3	
224	53687	47354.3	46457	
225	53687	46457	46436.3	
226	53687	46436.3	44709	
227	53687	44709	47413	
228	53687	47413	47355.6	
229	53687	47355.6	46435.1	
230	53687	46435.1	49092.2	
231	53687	49092.2	40142.9	
232	53687	40142.9	42835.3	
233	53687	42835.3	42922.5	
234	53687	42922.5	50089.3	
235	53687	50089.3	48277.3	
236	53687	48277.3	51751.9	
237	53687	51751.9	51715.3	
238	53687	51715.3	47341.4	
239	53687	47341.4	47359.2	
240	53687	47359.2	46460	
241	53687	46460	45542.9	
242	53687	45542.9	45539.7	
243	53687	45539.7	48276.5	
244	53687	48276.5	48252.6	
245	53687	48252.6	46499.1	
246	53687	46499.1	44643.1	
247	53687	44643.1	43758.7	
248	53687	43758.7	45566.4	
249	53687	45566.4	47379.3	
250	53687	47379.3	44644.5	
251	53687	44644.5	43775.3	
252	53687	43775.3	40218.1	
253	53687	40218.1	45539.8	
254	53687	45539.8	40133.5	
255	53687	40133.5	47242.5	
256	53687	47242.5	47308.7	
257	53687	47308.7	45553.4	
258	53687	45553.4	47401.5	
259	53687	47401.5	49099.8	
260	53687	49099.8	44676.8	
261	53687	44676.8	47401.2	
262	53687	47401.2	43764.8	
263	53687	43764.8	47353.2	
264	53687	47353.2	46417	
265	53687	46417	46415.8	
266	53687	46415.8	47247.5	
267	53687	47247.5	44680.4	
268	53687	44680.4	49150.5	
269	53687	49150.5	45515.1	
270	53687	45515.1	46430.4	
271	53687	46430.4	49969.2	
272	53687	49969.2	47359.1	
273	53687	47359.1	47339.4	
274	53687	47339.4	46480.5	
275	53687	46480.5	42871	
276	53687	42871	45536.4	
277	53687	45536.4	45583.1	
278	53687	45583.1	50049.3	
279	53687	50049.3	44657.9	
280	53687	44657.9	46453.9	
281	53687	46453.9	44675.9	
282	53687	44675.9	46382.4	
283	53687	46382.4	45556.6	
284	53687	45556.6	46465.6	
285	53687	46465.6	46465.1	
286	53687	46465.1	48214.4	
287	53687	48214.4	47351.3	
288	53687	47351.3	45563.7	
289	53687	45563.7	49961.1	
290	53687	49961.1	45503.3	
291	53687	45503.3	43695.1	
292	53687	43695.1	45479.1	
293	53687	45479.1	45550.4	
294	53687	45550.4	40168	
295	53687	40168	45536.4	
296	53687	45536.4	49120.3	
297	53687	49120.3	47270.9	
298	53687	47270.9	47379.8	
299	53687	47379.8	46434.3	
300	53687	46434.3	47324.8	
301	53687	47324.8	46386.9	
302	53687	46386.9	43755.3	
303	53687	43755.3	45553.2	
304	53687	45553.2	47331.4	
305	53687	47331.4	49075.7	
306	53687	49075.7	45543.6	
307	53687	45543.6	45596.3	
308	53687	45596.3	47374.8	
309	53687	47374.8	46380.8	
310	53687	46380.8	48230.3	
311	53687	48230.3	45562.8	
312	53687	45562.8	49169.5	
313	53687	49169.5	43745	
314	53687	43745	46403.9	
315	53687	46403.9	49186.7	
316	53687	49186.7	45578.6	
317	53687	45578.6	44632.8	
318	53687	44632.8	44540.5	
319	53687	44540.5	47197.4	
320	53687	47197.4	49969.7	
321	53687	49969.7	47252.9	
322	53687	47252.9	50054.4	
323	53687	50054.4	45553.3	
324	53687	45553.3	44590.8	
325	53687	44590.8	47220.2	
326	53687	47220.2	45522.3	
327	53687	45522.3	49066.8	
328	53687	49066.8	46487.2	
329	53687	46487.2	46427.6	
330	53687	46427.6	49987.8	
331	53687	49987.8	48194.8	
332	53687	48194.8	44676.2	
333	53687	44676.2	44637.8	
334	53687	44637.8	46398.7	
335	53687	46398.7	48193.3	
336	53687	48193.3	42900.4	
337	53687	42900.4	44664	
338	53687	44664	46391.1	
339	53687	46391.1	49013.3	
340	53687	49013.3	47342.1	
341	53687	47342.1	45530.1	
342	53687	45530.1	44598.5	
343	53687	44598.5	46406.8	
344	53687	46406.8	47328.5	
345	53687	47328.5	47421.7	
346	53687	47421.7	46485.7	
347	53687	46485.7	42859.6	
348	53687	42859.6	45539.4	
349	53687	45539.4	46436.8	
350	53687	46436.8	46399.6	
351	53687	46399.6	45549.7	
352	53687	45549.7	49153.5	
353	53687	49153.5	45556.7	
354	53687	45556.7	45610.5	
355	53687	45610.5	47343.2	
356	53687	47343.2	49986.2	
357	53687	49986.2	47320.8	
358	53687	47320.8	46376	
359	53687	46376	42878.3	
360	53687	42878.3	48147.2	
361	53687	48147.2	47348.9	
362	53687	47348.9	45529.1	
363	53687	45529.1	45556.6	
364	53687	45556.6	44594.4	
365	53687	44594.4	44668.6	
366	53687	44668.6	47396.5	
367	53687	47396.5	50009.8	
368	53687	50009.8	50036.2	
369	53687	50036.2	49161	
370	53687	49161	49107	
371	53687	49107	47361.8	
372	53687	47361.8	48184.6	
373	53687	48184.6	50022.4	
374	53687	50022.4	38398.4	
375	53687	38398.4	44666	
376	53687	44666	48247.4	
377	53687	48247.4	48224.6	
378	53687	48224.6	44714.1	
379	53687	44714.1	42908.3	
380	53687	42908.3	45583.6	
381	53687	45583.6	48248.3	
382	53687	48248.3	44688	
383	53687	44688	43776.5	
384	53687	43776.5	42886	
385	53687	42886	47319.9	
386	53687	47319.9	50961.5	
387	53687	50961.5	44648.6	
388	53687	44648.6	46405.4	
389	53687	46405.4	44647	
390	53687	44647	50038.1	
391	53687	50038.1	45563.5	
392	53687	45563.5	48226.8	
393	53687	48226.8	46447.1	
394	53687	46447.1	41007.1	
395	53687	41007.1	43772.1	
396	53687	43772.1	49960.6	
397	53687	49960.6	46483.5	
398	53687	46483.5	43805.8	
399	53687	43805.8	43818.5	
400	53687	43818.5	45547.4	
401	53687	45547.4	41106.9	
402	53687	41106.9	43756.8	
403	53687	43756.8	45569.7	
404	53687	45569.7	49101.8	
405	53687	49101.8	48276.5	
406	53687	48276.5	47336.6	
407	53687	47336.6	45508.4	
408	53687	45508.4	46454.8	
409	53687	46454.8	48245.6	
410	53687	48245.6	47368.8	
411	53687	47368.8	47278.2	
412	53687	47278.2	44615	
413	53687	44615	49997.1	
414	53687	49997.1	47357.3	
415	53687	47357.3	49110.6	
416	53687	49110.6	45504	
417	53687	45504	44615.2	
418	53687	44615.2	46423.5	
419	53687	46423.5	45591.5	
420	53687	45591.5	44719.5	
421	53687	44719.5	46439.7	
422	53687	46439.7	47320.9	
423	53687	47320.9	46503	
424	53687	46503	47361.4	
425	53687	47361.4	49139.6	
426	53687	49139.6	46450.8	
427	53687	46450.8	43759.9	
428	53687	43759.9	45538.9	
429	53687	45538.9	46417.2	
430	53687	46417.2	51816.5	
431	53687	51816.5	49994.8	
432	53687	49994.8	49128.3	
433	53687	49128.3	47338.4	
434	53687	47338.4	43762.9	
435	53687	43762.9	43805.2	
436	53687	43805.2	49147.1	
437	53687	49147.1	50944.7	
438	53687	50944.7	46421.6	
439	53687	46421.6	46393.4	
440	53687	46393.4	48205	
441	53687	48205	46418.2	
442	53687	46418.2	47299.7	
443	53687	47299.7	47234.7	
444	53687	47234.7	47328.1	
445	53687	47328.1	48277.2	
446	53687	48277.2	45591.3	
447	53687	45591.3	47334.1	
448	53687	47334.1	45583	
449	53687	45583	46430	
450	53687	46430	49152.2	
451	53687	49152.2	42013.2	
452	53687	42013.2	47272.3	
453	53687	47272.3	44548.5	
454	53687	44548.5	45485.5	
455	53687	45485.5	45532	
456	53687	45532	47353.2	
457	53687	47353.2	46464.9	
458	53687	46464.9	45611.9	
459	53687	45611.9	44603.3	
460	53687	44603.3	42807.8	
461	53687	42807.8	47241	
462	53687	47241	44640	
463	53687	44640	47299.2	
464	53687	47299.2	48298.8	
465	53687	48298.8	46474.6	
466	53687	46474.6	43813.9	
467	53687	43813.9	45506.1	
468	53687	45506.1	46396.8	
469	53687	46396.8	45534.3	
470	53687	45534.3	49068.1	
471	53687	49068.1	48294.2	
472	53687	48294.2	47305.8	
473	53687	47305.8	48162.3	
474	53687	48162.3	45544.8	
475	53687	45544.8	47293	
476	53687	47293	49079	
477	53687	49079	43773.1	
478	53687	43773.1	47376.9	
479	53687	47376.9	43794.2	
480	53687	43794.2	45578.1	
481	53687	45578.1	50105.6	
482	53687	50105.6	45594	
483	53687	45594	51877.8	
484	53687	51877.8	46438.3	
485	53687	46438.3	44711.3	
486	53687	44711.3	42843.3	
487	53687	42843.3	44679.4	
488	53687	44679.4	45582.7	
489	53687	45582.7	48212.3	
490	53687	48212.3	43711.1	
491	53687	43711.1	42831.2	
492	53687	42831.2	43778.5	
493	53687	43778.5	45558.4	
494	53687	45558.4	46498.7	
495	53687	46498.7	49144.5	
496	53687	49144.5	45500.1	
497	53687	45500.1	46411.5	
498	53687	46411.5	38374.9	
499	53687	38374.9	46445.9	
500	53687	46445.9	49043.1	
501	53687	49043.1	42754.6	
502	53687	42754.6	43661.9	
503	53687	43661.9	45441.5	
504	53687	45441.5	44617.1	
505	53687	44617.1	46389.7	
506	53687	46389.7	49120.7	
507	53687	49120.7	46456.2	
508	53687	46456.2	45569.8	
509	53687	45569.8	49993.7	
510	53687	49993.7	51811.2	
511	53687	51811.2	48278.2	
512	53687	48278.2	48290.1	
513	53687	48290.1	43791.3	
514	53687	43791.3	48241.6	
515	53687	48241.6	50948.9	
516	53687	50948.9	44701.7	
517	53687	44701.7	39257.4	
518	53687	39257.4	43705	
519	53687	43705	45458.9	
520	53687	45458.9	47309.7	
521	53687	47309.7	46434.4	
522	53687	46434.4	47386.6	
523	53687	47386.6	44641.9	
524	53687	44641.9	44673	
525	53687	44673	42008	
526	53687	42008	39315.2	
527	53687	39315.2	44648.1	
528	53687	44648.1	47320.9	
529	53687	47320.9	44698.9	
530	53687	44698.9	50932.9	
531	53687	50932.9	50025.6	
532	53687	50025.6	47321.6	
533	53687	47321.6	49146.7	
534	53687	49146.7	44537	
535	53687	44537	47310.3	
536	53687	47310.3	46434.2	
537	53687	46434.2	44703.6	
538	53687	44703.6	44600.9	
539	53687	44600.9	47346.8	
540	53687	47346.8	49172.3	
541	53687	49172.3	47394.2	
542	53687	47394.2	44647.2	
543	53687	44647.2	46440.7	
544	53687	46440.7	49133.7	
545	53687	49133.7	45569.3	
546	53687	45569.3	50014.4	
547	53687	50014.4	41934.5	
548	53687	41934.5	48229.9	
549	53687	48229.9	46403.4	
550	53687	46403.4	46425.1	
551	53687	46425.1	42910.4	
552	53687	42910.4	46463.3	
553	53687	46463.3	47323.4	
554	53687	47323.4	45580.8	
555	53687	45580.8	47403.3	
556	53687	47403.3	43812.2	
557	53687	43812.2	47352.9	
558	53687	47352.9	46461.6	
559	53687	46461.6	48274.7	
560	53687	48274.7	44714.4	
561	53687	44714.4	47377.3	
562	53687	47377.3	44696	
563	53687	44696	44647.6	
564	53687	44647.6	48239.1	
565	53687	48239.1	45594.9	
566	53687	45594.9	45510.2	
567	53687	45510.2	48211.9	
568	53687	48211.9	45533.4	
569	53687	45533.4	47349.5	
570	53687	47349.5	44686.6	
571	53687	44686.6	44658.8	
572	53687	44658.8	47377.8	
573	53687	47377.8	46471.9	
574	53687	46471.9	46428.9	
575	53687	46428.9	47340.7	
576	53687	47340.7	47301.2	
577	53687	47301.2	43721.8	
578	53687	43721.8	42921	
579	53687	42921	42812.5	
580	53687	42812.5	45504.9	
581	53687	45504.9	47356.1	
582	53687	47356.1	46462	
583	53687	46462	47392.2	
584	53687	47392.2	43762.6	
585	53687	43762.6	47283.2	
586	53687	47283.2	50901.8	
587	53687	50901.8	42846.6	
588	53687	42846.6	44549	
589	53687	44549	46410.3	
590	53687	46410.3	44679.1	
591	53835	44679.1	49145.2	
592	53835	49145.2	49177.7	
593	53835	49177.7	44629.5	
594	53835	44629.5	49127.4	
595	53835	49127.4	48230.3	
596	53835	48230.3	50009	
597	53835	50009	44591.8	
598	53835	44591.8	40091.6	
599	53835	40091.6	48082.5	
600	53835	48082.5	48119.9	
601	53835	49017.9	49069.8	
602	53835	49069.8	46404.1	
603	53835	47302.1	49073.5	
604	53835	49971.3	46435.4	
605	53835	47333.4	46400.5	
606	53835	46400.5	49041.2	
607	53835	49939	46412.3	
608	53835	46412.3	45601.9	
609	53835	45601.9	42869.2	
610	53835	42869.2	48176.8	
611	53835	48176.8	44640.3	
612	53864	44640.3	42007.4	
613	53864	42007.4	42011.8	
614	53864	42011.8	46457.9	
615	53864	46457.9	44595.4	
616	53864	44595.4	37533.5	
617	53864	37533.5	41021.3	
618	53864	41021.3	43783.4	
619	53864	43783.4	39319	
620	53864	39319	44703.7	
621	53864	44703.7	44668.9	
622	53864	44668.9	43811.3	
623	53864	43811.3	39356.5	
624	53864	39356.5	42056.5	
625	53864	42056.5	37544.8	
626	53864	37544.8	37525.5	
627	53864	37525.5	41976.8	
628	53864	41976.8	41959.9	
629	53864	41959.9	36630	
630	53864	36630	42811.8	
631	53864	42811.8	44762.5	
632	53864	44762.5	44839	
633	53864	44839	47484.4	
634	53864	47484.4	42946.7	
635	53864	42946.7	46587.6	
636	53864	46587.6	45740.7	
637	53864	45740.7	46606.8	
638	53864	46606.8	50250.9	
639	53864	50250.9	44845.3	
640	53864	44845.3	43010.3	
641	53864	43010.3	41169.6	
642	53864	41169.6	48330.6	
643	53864	48330.6	46599	
644	53864	46599	50229.4	
645	53864	50229.4	48423	
646	53864	48423	45669.3	
647	53864	45669.3	44799.9	
648	53864	44799.9	47372.4	
649	53864	47372.4	42114.3	
650	53864	42114.3	44698.7	
651	53864	44698.7	50972	
652	53864	50972	46508.9	
653	53864	46508.9	47512	
654	53864	47512	50208.6	
655	53864	50208.6	41274.8	
656	53864	41274.8	46643.2	
657	53864	46643.2	48365.7	
658	53864	48365.7	45670.6	
659	53864	45670.6	43022	
660	53864	43022	41182.7	
661	53864	41182.7	42106.6	
662	53864	42106.6	41246.4	
663	53864	41246.4	43902.5	
664	53864	43902.5	43004.4	
665	53864	43004.4	48306.8	
666	53864	48306.8	50115.9	
667	53864	50115.9	48371.8	
668	53864	48371.8	46570.2	
669	53864	46570.2	47515.9	
670	53864	47515.9	47511.1	
671	53864	47511.1	45687.8	
672	54027	45687.8	46580.5	
673	54027	46580.5	45624.4	
674	54027	46525.7	47424.9	
675	54027	47424.9	47421	
676	54027	47421	47414.7	
677	54027	47414.7	45747	
678	54027	45747	45754.4	
679	54027	45754.4	42113.5	
680	54027	42113.5	43734.5	
681	54027	43734.5	42848.2	
682	54027	42848.2	40215.5	
683	54027	40215.5	43820.2	
684	54027	43820.2	38483.8	
685	54027	38483.8	39350.9	
686	54027	39350.9	40235.3	
687	54027	40235.3	44753.2	
688	54027	44753.2	42080.2	
689	54027	42080.2	44858.1	
690	54027	44858.1	46684.8	
691	54027	46684.8	48476.9	
692	54027	48476.9	45779.7	
693	54027	45779.7	52027.5	
694	54027	52027.5	49422.4	
695	54027	49422.4	49443.9	
696	54027	49443.9	45878.7	
697	54057	45878.7	41306.8	
698	54057	41306.8	45841.9	
699	54057	45841.9	50366.2	
700	54057	50366.2	47692.2	
701	54057	47692.2	44975.6	
702	54057	44975.6	45878.5	
703	54057	45878.5	47619.3	
704	54057	47619.3	48454.8	
705	54057	48454.8	44972.2	
706	54057	44972.2	47663.6	
707	54057	47663.6	44969.3	
708	54057	44969.3	50319.8	
709	54057	50319.8	44928.5	
710	54057	44928.5	49481.3	
711	54057	49481.3	51294.5	
712	54057	51294.5	45875.5	
713	54057	45875.5	42259.3	
714	54057	42259.3	44114.9	
715	54273	44114.9	40511.5	
716	54273	40511.6	47620.2	
717	54273	47620.2	45778.9	
718	54273	45778.9	45872.6	
719	54273	45872.6	45873.7	
720	54273	46778.8	46745.3	
721	54273	46745.3	46743.2	
722	54273	46743.2	46789.9	
723	54273	47695.5	44080.5	
724	54273	44080.5	45845.5	
725	54273	45845.5	46778.7	
726	54945	46778.7	42278.9	
727	54945	42278.9	39599.9	
728	54945	39599.9	44153.9	
729	54945	44153.9	46859.3	
730	54945	46859.3	45136.9	
731	54945	45136.9	46007.8	
732	54945	46007.8	43471.9	
733	55161	43471.9	42603.7	
734	55161	42603.7	40888.4	
735	55161	41808.5	43581.8	
736	55161	44502	45523.8	
737	55161	46443.8	43740.5	
738	55161	43740.5	45644.8	
739	55161	45644.8	38347.8	
740	55161	38347.8	43752.5	
741	55161	43752.5	44717.6	
742	55161	44717.6	41955.8	
743	55161	41955.8	45488.3	
744	55161	45488.3	46421.7	
745	55161	46421.7	41900.9	
746	55161	41900.9	50207.4	
747	55161	50207.4	45793.3	
748	55161	45793.3	41243.1	
749	55161	41243.1	48607.1	
750	55161	48607.1	45905.3	
751	55161	45905.3	50541.8	
752	55161	50541.8	46874.3	
753	55161	46874.3	45883.3	
754	55161	45883.3	48631.3	
755	55161	48631.3	46715.3	
756	55161	46715.3	49449.2	
757	55161	49449.2	47749.2	
758	55161	47749.2	52318	
759	55161	52318	46819.5	
760	55161	46819.5	49532	
761	55161	49532	44917.1	
762	55161	44917.1	50457.9	
763	55161	50457.9	50492.2	
764	55161	50492.2	49554.6	
765	55161	49554.6	44012.8	
766	55161	44012.8	44021.4	
767	55161	44021.4	49463.3	
768	55161	49463.3	48692.9	
769	55161	48692.9	44995.7	
770	55161	44995.7	44985.2	
771	55161	44985.2	41258.4	
772	55161	41258.4	44871.1	
773	55161	44871.1	48659.5	
774	55161	48659.5	46860.6	
775	55161	46860.6	48655.7	
776	55161	48655.7	48690.9	
777	55161	48690.9	51378.4	
778	55161	51378.4	47777.6	
779	55161	47777.6	49569.4	
780	55161	49569.4	48615.2	
781	55161	48615.2	46764.5	
782	55161	46764.5	46847.5	
783	55161	46847.5	49542.8	
784	55161	49542.8	44852.6	
785	55161	44852.6	48533.9	
786	55161	48533.9	49584.8	
787	55161	49584.8	49640.4	
788	55161	49640.4	51450	
789	55161	51450	45896.8	
790	55161	45896.8	45887.2	
791	55161	45887.2	48613.9	
792	55161	48613.9	49562.5	
793	55161	49562.5	47731	
794	55161	47731	44922	
795	55161	44922	44952.6	
796	55161	44952.6	50488.5	
797	55161	50488.5	46826.4	
798	55161	46826.4	48582.2	
799	55161	48582.2	49562.4	
800	55161	49562.4	48566.4	
801	55161	48566.4	48602	
802	55161	48602	51320.8	
803	55161	51320.8	46729.4	
804	55161	46729.4	48591.8	
805	55161	48591.8	49576.4	
806	55161	49576.4	50510.6	
807	55161	50510.6	50558.5	
808	55161	50558.5	47758.2	
809	55161	47758.2	53293.4	
810	55161	53293.4	50472.3	
811	55161	50472.3	47658.4	
812	55161	47658.4	45891.6	
813	55161	45891.6	44983.6	
814	55161	44983.6	50447.1	
815	55161	50447.1	50419.9	
816	55161	50419.9	47725.5	
817	55161	47725.5	53199.9	
818	55161	53199.9	52332.4	
819	55161	52332.4	48646.5	
820	55161	48646.5	50474.3	
821	55161	50474.3	47717.3	
822	55161	47717.3	53221	
823	55161	53221	50450.3	
824	55161	50450.3	44995.7	
825	55161	44995.7	50394.4	
826	55161	50394.4	49582.1	
827	55161	49582.1	46868.5	
828	55161	46868.5	45020.3	
829	55161	45020.3	51460.6	
830	55161	51460.6	46866.1	
831	55161	46866.1	43109	
832	55161	43109	44946.5	
833	55161	44946.5	44014.5	
834	55161	44014.5	45897.5	
835	55161	45897.5	47725	
836	55161	47725	46768.2	
837	55161	46768.2	49532.9	
838	55161	49532.9	44992	
839	55161	44992	42239.8	
840	55161	42239.8	49539.2	
841	55161	49539.2	51360.8	
842	55161	51360.8	46839.3	
843	55161	46839.3	48597.5	
844	55161	48597.5	51336.5	
845	55161	51336.5	46828.2	
846	55161	46828.2	44919.1	
847	55161	44919.1	46844.6	
848	55161	46844.6	46785.9	
849	55161	46785.9	47713.2	
850	55161	47713.2	50405.9	
851	55161	50405.9	49516.5	
852	55161	49516.5	46834.7	
853	55161	46834.7	43152	
854	55161	43152	45904.1	
855	55161	45904.1	47733.6	
856	55161	47733.6	49586.9	
857	55161	49586.9	52269.6	
858	55161	52269.6	49556.7	
859	55161	49556.7	50521.4	
860	55161	50521.4	48688.4	
861	55161	48688.4	49546.8	
862	55161	49546.8	47750.1	
863	55161	47750.1	48671.4	
864	55161	48671.4	46759.6	
865	55161	46759.6	48657.8	
866	55161	48657.8	51367.5	
867	55161	51367.5	48673.5	
868	55161	48673.5	47705.2	
869	55161	47705.2	44956.8	
870	55161	44956.8	51335.9	
871	55161	51335.9	49583	
872	55161	49583	45849.8	
873	55161	45849.8	47752.3	
874	55161	47752.3	46797.3	
875	55161	46797.3	48681	
876	55161	48681	48682.8	
877	55161	48682.8	48523.5	
878	55161	48523.5	50465.6	
879	55161	50465.6	49499.8	
880	55161	49499.8	49570.1	
881	55161	49570.1	48594.9	
882	55161	48594.9	48678.8	
883	55161	48678.8	47720.4	
884	55161	47720.4	48674.6	
885	55161	48674.6	48600.2	
886	55161	48600.2	44859.7	
887	55161	44859.7	48556.3	
888	55161	48556.3	48639.3	
889	55161	48639.3	48590.6	
890	55161	48590.6	49590.1	
891	55161	49590.1	49516.5	
892	55161	49516.5	50510.7	
893	55161	50510.7	55067.8	
894	55161	55067.8	45879	
895	55161	45879	50409.9	
896	55161	50409.9	49588.1	
897	55161	49588.1	51333	
898	55161	51333	48590.9	
899	55161	48590.9	46811.9	
900	55161	46811.9	47732.3	
901	55161	47732.3	49428.6	
902	55161	49428.6	46775	
903	55161	46775	45839.7	
904	55161	45839.7	48641.8	
905	55161	48641.8	44874.9	
906	55161	44874.9	44083.3	
907	55161	44083.3	48665.6	
908	55161	48665.6	47751.6	
909	55161	47751.6	49588.1	
910	55161	49588.1	47803.4	
911	55161	47803.4	46822.7	
912	55161	46822.7	45923.7	
913	55161	45923.7	48614.1	
914	55161	48614.1	48619.6	
915	55161	48619.6	50520.5	
916	55161	50520.5	48652.1	
917	55161	48652.1	48645.7	
918	55161	48645.7	47728.1	
919	55161	47728.1	50396.5	
920	55161	50396.5	45849.4	
921	55161	45849.4	46738	
922	55161	46738	47719.4	
923	55161	47719.4	45954.4	
924	55161	45954.4	46843.8	
925	55161	46843.8	48640.6	
926	55161	48640.6	41292.5	
927	55161	41292.5	47756.3	
928	55161	47756.3	46883.6	
929	55161	46883.6	42250	
930	55161	42250	40365.5	
931	55161	40365.5	44857	
932	55161	44857	47736.3	
933	55161	47736.3	45004.2	
934	55161	45004.2	49572.5	
935	55161	49572.5	49565	
936	55161	49565	53175.1	
937	55161	53175.1	50534.2	
938	55161	50534.2	46760.2	
939	55161	46760.2	48674.2	
940	55161	48674.2	47725.4	
941	55161	47725.4	46820.9	
942	55161	46820.9	45774.2	
943	55161	45774.2	50405.6	
944	55161	50405.6	47669.4	
945	55161	47669.4	46797.6	
946	55161	46797.6	49564.5	
947	55161	49564.5	51391.3	
948	55161	51391.3	50440.2	
949	55161	50440.2	47703.2	
950	55161	47703.2	48626.4	
951	55161	48626.4	46716.7	
952	55161	46716.7	49516.9	
953	55161	49516.9	49534.8	
954	55161	49534.8	48615.2	
955	55161	48615.2	54204.4	
956	55161	54204.4	47721.2	
957	55161	47721.2	47667.5	
958	55161	47667.5	48586.7	
959	55161	48586.7	44931.8	
960	55161	44931.8	51353.4	
961	55161	51353.4	47713	
962	55161	47713	48630.7	
963	55161	48630.7	44070.1	
964	55161	44070.1	51430.8	
965	55161	51430.8	49620.2	
966	55161	49620.2	48670.9	
967	55161	48670.9	45017.4	
968	55161	45017.4	50431.2	
969	55161	50431.2	50494.3	
970	55161	50494.3	44943.6	
971	55161	44943.6	40383.8	
972	55161	40383.8	43996.2	
973	55161	43996.2	50352.2	
974	55161	50352.2	46765.6	
975	55161	46765.6	46771.6	
976	55161	46771.6	48584.8	
977	55161	48584.8	45924.4	
978	55161	45924.4	46835	
979	55161	46835	50494.5	
980	55161	50494.5	50499.6	
981	55161	50499.6	47783.7	
982	55161	47783.7	47708.6	
983	55161	47708.6	48637.1	
984	55161	48637.1	47712.4	
985	55161	47712.4	46847	
986	55161	46847	47803.1	
987	55161	47803.1	47743.6	
988	55161	47743.6	45798.7	
989	55161	45798.7	48697.2	
990	55161	48697.2	47731.9	
991	55161	47731.9	46803	
992	55161	46803	49558.8	
993	55161	49558.8	49552.8	
994	55161	49552.8	48696.3	
995	55161	48696.3	51332.2	
996	55161	51332.2	49481.9	
997	55161	49481.9	47721	
998	55161	47721	50520.2	
999	55161	50520.2	48604.7	
1000	55161	48604.7	47668.6	
1001	55161	47668.6	49507.1	
1002	55161	49507.1	52312.5	
1003	55161	52312.5	47723.3	
1004	55161	47723.3	48555.1	
1005	55161	48555.1	45829.5	
1006	55161	45829.5	50394.1	
1007	55161	50394.1	49549.9	
1008	55161	49549.9	46791.6	
1009	55161	46791.6	48623.3	
1010	55161	48623.3	49525.5	
1011	55161	49525.5	48663.6	
1012	55161	48663.6	51309.8	
1013	55161	51309.8	49512.1	
1014	55161	49512.1	51369	
1015	55161	51369	49528.7	
1016	55161	49528.7	47775.8	
1017	55161	47775.8	46809.2	
1018	55161	46809.2	49530.2	
1019	55161	49530.2	47783.2	
1020	55161	47783.2	49573	
1021	55161	49573	48655	
1022	55161	48655	47733.8	
1023	55161	47733.8	50459.7	
1024	55161	50459.7	46861.5	
1025	55161	46861.5	46779.7	
1026	55161	46779.7	47767.8	
1027	55161	47767.8	50502.1	
1028	55161	50502.1	50504.3	
1029	55161	50504.3	44999.3	
1030	55161	44999.3	47701.4	
1031	55161	47701.4	51344.9	
1032	55161	51344.9	51428.7	
1033	55161	51428.7	48591.7	
1034	55161	48591.7	50501.2	
1035	55161	50501.2	46880	
1036	55161	46880	44945.2	
1037	55161	44945.2	46701.3	
1038	55161	46701.3	46680	
1039	55161	46680	51198.3	
1040	55161	51198.3	49520.4	
1041	55161	49520.4	48722.6	
1042	55161	48722.6	50527.2	
1043	55161	50527.2	47752.5	
1044	55161	47752.5	47715.9	
1045	55161	47715.9	49594.4	
1046	55161	49594.4	46767.3	
1047	55161	46767.3	44042.3	
1048	55161	44042.3	46701.2	
1049	55161	46701.2	48570.1	
1050	55161	48570.1	47734.8	
1051	55161	47734.8	47680.3	
1052	55161	47680.3	49527.2	
1053	55161	49527.2	46798.3	
1054	55161	46798.3	46783.4	
1055	55161	46783.4	45881.3	
1056	55161	45881.3	48645.3	
1057	55161	48645.3	52276.5	
1058	55161	52276.5	50544	
1059	55161	50544	52327	
1060	55161	52327	47715.5	
1061	55161	47715.5	50421	
1062	55161	50421	42178.9	
1063	55161	42178.9	45764.1	
1064	55161	45764.1	49502.8	
1065	55161	49502.8	45000	
1066	55161	45000	46832.1	
1067	55161	46832.1	47803.2	
1068	55161	47803.2	48690.5	
1069	55161	48690.5	47716.5	
1070	55161	47716.5	44884.1	
1071	55161	44884.1	46711.4	
1072	55161	46711.4	44966.3	
1073	55161	44966.3	44017.5	
1074	55161	44017.5	49506.9	
1075	55161	49506.9	49615.5	
1076	55161	49615.5	48700.9	
1077	55161	48700.9	51368.2	
1078	55161	51368.2	47686	
1079	55161	47686	45840.3	
1080	55161	45840.3	44895.1	
1081	55161	44895.1	45835.7	
1082	55161	45835.7	45818.8	
1083	55161	45818.8	44030.4	
1084	55161	44030.4	45921.3	
1085	55161	45921.3	48664.2	
1086	55161	48664.2	51456.1	
1087	55161	51456.1	52350.5	
1088	55161	52350.5	50447.9	
1089	55161	50447.9	44970.1	
1090	55161	44970.1	51367.8	
1091	55161	51367.8	45907.4	
1092	55161	45907.4	44917.9	
1093	55161	44917.9	47668.4	
1094	55161	47668.4	47721.8	
1095	55161	47721.8	44019.7	
1096	55161	44019.7	46770.3	
1097	55161	46770.3	45941.2	
1098	55161	45941.2	47761.2	
1099	55161	47761.2	48665.1	
1100	55161	48665.1	44054.5	
1101	55161	44054.5	47694.8	
1102	55161	47694.8	48576.6	
1103	55161	48576.6	47707.8	
1104	55161	47707.8	51383.8	
1105	55161	51383.8	46821.7	
1106	55161	46821.7	48675	
1107	55161	48675	44945.3	
1108	55161	44945.3	50427.5	
1109	55161	50427.5	47647	
1110	55161	47647	46804.1	
1111	55161	46804.1	53200.7	
1112	55161	53200.7	45876.3	
1113	55161	45876.3	51408.2	
1114	55161	51408.2	49554.1	
1115	55161	49554.1	50491.2	
1116	55161	50491.2	52293	
1117	55161	52293	48589.3	
1118	55161	48589.3	48672.6	
1119	55161	48672.6	49529.3	
1120	55161	49529.3	49557.2	
1121	55161	49557.2	48643.4	
1122	55161	48643.4	45868.8	
1123	55161	45868.8	44949.6	
1124	55161	44949.6	47681.2	
1125	55161	47681.2	44035.4	
1126	55161	44035.4	47681	
1127	55161	47681	48553.2	
1128	55161	48553.2	51282.3	
1129	55161	51282.3	48558.2	
1130	55161	48558.2	48595.7	
1131	55161	48595.7	44981.2	
1132	55161	44981.2	46793.3	
1133	55161	46793.3	45903.4	
1134	55161	45903.4	49560.4	
1135	55161	49560.4	47801.9	
1136	55161	47801.9	45905.4	
1137	55161	45905.4	49581.6	
1138	55161	49581.6	49501.5	
1139	55161	49501.5	49511.7	
1140	55161	49511.7	45864.4	
1141	55161	45864.4	46793.8	
1142	55161	46793.8	50508.3	
1143	55161	50508.3	50462.9	
1144	55161	50462.9	50495.8	
1145	55161	50495.8	45833	
1146	55161	45833	47677.9	
1147	55161	47677.9	45899.2	
1148	55161	45899.2	48644.6	
1149	55161	48644.6	48630.2	
1150	55161	48630.2	47768.3	
1151	55161	47768.3	46738.5	
1152	55161	46738.5	44911	
1153	55161	44911	44030.6	
1154	55161	44030.6	47679.6	
1155	55161	47679.6	45900.5	
1156	55161	45900.5	48650.3	
1157	55161	48650.3	46828	
1158	55161	46828	45943.7	
1159	55161	45943.7	49573.4	
1160	55161	49573.4	49529.4	
1161	55161	49529.4	48620.5	
1162	55161	48620.5	45875.3	
1163	55161	45875.3	46806.5	
1164	55161	46806.5	47740.3	
1165	55161	47740.3	48639.3	
1166	55161	48639.3	46767	
1167	55161	46767	50462.3	
1168	55161	50462.3	49380.4	
1169	55161	49380.4	48502.2	
1170	55161	48502.2	51274.5	
1171	55161	51274.5	48611	
1172	55161	48611	47683.7	
1173	55161	47683.7	50447.3	
1174	55161	50447.3	49582.1	
1175	55161	49582.1	44944.5	
1176	55161	44944.5	45749.1	
1177	55161	45749.1	45711.2	
1178	55161	45711.2	46795.1	
1179	55161	46795.1	46863.5	
1180	55161	46863.5	49563.4	
1181	55161	49563.4	50520.8	
1182	55161	50520.8	48664.9	
1183	55161	48664.9	44053.7	
1184	55161	44053.7	48600.5	
1185	55161	48600.5	47693.3	
1186	55161	47693.3	43159.8	
1187	55161	43159.8	47681.4	
1188	55161	47681.4	50359.9	
1189	55161	50359.9	49491.8	
1190	55161	49491.8	45838.6	
1191	55161	45838.6	52239.6	
1192	55161	52239.6	49575.1	
1193	55161	49575.1	47708.3	
1194	55161	47708.3	45043.7	
1195	55161	45043.7	44931.9	
1196	55161	44931.9	48554	
1197	55161	48554	46782.6	
1198	55161	46782.6	48600.8	
1199	55161	48600.8	47681.4	
1200	55161	47681.4	50377.8	
1201	55161	50377.8	47768.1	
1202	55161	47768.1	50521.9	
1203	55161	50521.9	50489.6	
1204	55161	50489.6	48627.9	
1205	55161	48627.9	46860.7	
1206	55161	46860.7	48617.4	
1207	55161	48617.4	49594.6	
1208	55161	49594.6	45855.4	
1209	55161	45855.4	51409.6	
1210	55161	51409.6	47666	
1211	55161	47666	46682	
1212	55161	46682	50380.9	
1213	55161	50380.9	53222.8	
1214	55161	53222.8	48653.9	
1215	55161	48653.9	48641.8	
1216	55161	48641.8	45835.9	
1217	55161	45835.9	47641.4	
1218	55161	47641.4	46768.7	
1219	55161	46768.7	45892.7	
1220	55161	45892.7	49539	
1221	55161	49539	47699.8	
1222	55161	47699.8	46766.9	
1223	55161	46766.9	52349.7	
1224	55161	52349.7	50477.4	
1225	55161	50477.4	47720.7	
1226	55161	47720.7	49546.3	
1227	55161	49546.3	51417.5	
1228	55161	51417.5	46848.7	
1229	55161	46848.7	48630.6	
1230	55161	48630.6	47736.6	
1231	55161	47736.6	49563.6	
1232	55161	49563.6	48669.4	
1233	55161	48669.4	51422.4	
1234	55161	51422.4	45917.1	
1235	55161	45917.1	45932.1	
1236	55161	45932.1	52269.6	
1237	55161	52269.6	51287.6	
1238	55161	51287.6	50380.5	
1239	55161	50380.5	48561.5	
1240	55161	48561.5	47658.1	
1241	55161	47658.1	47764.1	
1242	55161	47764.1	48593.5	
1243	55161	48593.5	52244.3	
1244	55161	52244.3	46828.8	
1245	55161	46828.8	47776	
1246	55161	47776	47770	
1247	55161	47770	49580	
1248	55161	49580	47779.7	
1249	55161	47779.7	49597.7	
1250	55161	49597.7	49558.7	
1251	55161	49558.7	48569.6	
1252	55161	48569.6	50469.9	
1253	55161	50469.9	45852.7	
1254	55161	45852.7	47773	
1255	55161	47773	46858.6	
1256	55161	46858.6	45002.5	
1257	55161	45002.5	48578.7	
1258	55161	48578.7	51428	
1259	55161	51428	51306.2	
1260	55161	51306.2	51308.3	
1261	55161	51308.3	52306.7	
1262	55161	52306.7	47746.4	
1263	55161	47746.4	52343.5	
1264	55161	52343.5	48654.9	
1265	55161	48654.9	47620.9	
1266	55161	47620.9	46844.9	
1267	55161	46844.9	49596	
1268	55161	49596	48591.4	
1269	55161	48591.4	52377.3	
1270	55161	52377.3	48671.2	
1271	55161	48671.2	46821	
1272	55161	46821	50414	
1273	55161	50414	50427.7	
1274	55161	50427.7	46809.9	
1275	55161	46809.9	47656.8	
1276	55161	47656.8	46841.3	
1277	55161	46841.3	49607.8	
1278	55161	49607.8	51283.3	
1279	55161	51283.3	48605.5	
1280	55161	48605.5	51449.6	
1281	55161	51449.6	49621.1	
1282	55161	49621.1	45863.3	
1283	55161	45863.3	44967	
1284	55161	44967	46844.5	
1285	55161	46844.5	46799.5	
1286	55161	46799.5	49548.9	
1287	55161	49548.9	52263.6	
1288	55161	52263.6	51382.7	
1289	55161	51382.7	46725.3	
1290	55161	46725.3	47679.2	
1291	55161	47679.2	46777.6	
1292	55161	46777.6	47627.1	
1293	55161	47627.1	45855.3	
1294	55161	45855.3	44011	
1295	55161	44011	43932.4	
1296	55161	43932.4	45765.6	
1297	55161	45765.6	49494	
1298	55161	49494	46799.6	
1299	55161	46799.6	43151.1	
1300	55161	43151.1	42226.8	
1301	55161	42226.8	46765.8	
1302	55161	46765.8	45027.5	
1303	55161	45027.5	42239	
1304	55161	42239	48691	
1305	55161	48691	48574.5	
1306	55161	48574.5	44042.7	
1307	55161	44042.7	45888.3	
1308	55161	45888.3	45922.7	
1309	55161	45922.7	46815	
1310	55161	46815	49589.1	
1311	55161	49589.1	52306.3	
1312	55161	52306.3	45918.4	
1313	55161	45918.4	50496.4	
1314	55161	50496.4	45025.6	
1315	55161	45025.6	46803.6	
1316	55161	46803.6	46814.1	
1317	55161	46814.1	47743.5	
1318	55161	47743.5	48706.1	
1319	55161	48706.1	46779	
1320	55161	46779	46776.2	
1321	55161	46776.2	47648	
1322	55161	47648	50305	
1323	55161	50305	48586.2	
1324	55161	48586.2	43998.5	
1325	55161	43998.5	50383.8	
1326	55161	50383.8	52264.5	
1327	55161	52264.5	49549.8	
1328	55161	49549.8	48638.4	
1329	55161	48638.4	44954.5	
1330	55161	44954.5	48578.1	
1331	55161	48578.1	47751.9	
1332	55161	47751.9	47758.4	
1333	55161	47758.4	46841.1	
1334	55161	46841.1	46837.5	
1335	55161	46837.5	49623	
1336	55161	49623	50431.1	
1337	55161	50431.1	50429.7	
1338	55161	50429.7	42190.3	
1339	55161	42190.3	44085.7	
1340	55161	44085.7	48583.7	
1341	55161	48583.7	49554.6	
1342	55161	49554.6	49604.8	
1343	55161	49604.8	47695.6	
1344	55161	47695.6	47762.2	
1345	55161	47762.2	46841.1	
1346	55161	46841.1	44966.3	
1347	55161	44966.3	44007.1	
1348	55161	44007.1	48653.2	
1349	55161	48653.2	50439.1	
1350	55161	50439.1	49554.4	
1351	55161	49554.4	51415	
1352	55161	51415	52287.3	
1353	55161	52287.3	51352.1	
1354	55161	51352.1	46829.1	
1355	55161	46829.1	48633.2	
1356	55161	48633.2	52305.5	
1357	55161	52305.5	48646.3	
1358	55161	48646.3	49537.2	
1359	55161	49537.2	44913.1	
1360	55161	44913.1	47666.2	
1361	55161	47666.2	49436	
1362	55161	49436	46716.3	
1363	55161	46716.3	50356.1	
1364	55161	50356.1	43071.7	
1365	55161	43071.7	46812.1	
1366	55161	46812.1	48637.4	
1367	55161	48637.4	49588.2	
1368	55161	49588.2	47742.4	
1369	55161	47742.4	43134.8	
1370	55161	43134.8	51403.6	
1371	55161	51403.6	46799.9	
1372	55161	46799.9	48580.4	
1373	55161	48580.4	49498.1	
1374	55161	49498.1	44901.8	
1375	55161	44901.8	46645.6	
1376	55161	46645.6	49532.3	
1377	55161	49532.3	44089	
1378	55161	44089	39464.6	
1379	55161	39464.6	44911.9	
1380	55161	44911.9	47643.4	
1381	55161	47643.4	46785	
1382	55161	46785	50380.3	
1383	55161	50380.3	45829.9	
1384	55161	45829.9	51363.7	
1385	55161	51363.7	50461.1	
1386	55161	50461.1	47743.6	
1387	55161	47743.6	45852.4	
1388	55161	45852.4	46702.8	
1389	55161	46702.8	45913.4	
1390	55161	45913.4	52365.5	
1391	55161	52365.5	47678.8	
1392	55161	47678.8	46752.9	
1393	55161	46752.9	46732.8	
1394	55161	46732.8	46811.7	
1395	55443	46811.7	49557.1	
1396	55443	49557.1	46852.9	
1397	55443	47777.7	50489.9	
1398	55443	51414.4	45939.6	
1399	55443	45939.6	42239.7	
1400	55443	42239.7	48633.9	
1401	55443	48633.9	47727.6	
1402	55443	47727.6	44919.7	
1403	55443	44919.7	44954.7	
1404	55443	44954.7	40401.6	
1405	55443	40401.6	44096.6	
1406	55443	44096.6	41284.8	
1407	55443	41284.8	38470.6	
1408	55443	38470.6	40335.6	
1409	55443	40335.6	35764.4	
1410	55443	35764.4	44089.4	
1411	55443	44089.4	39493.1	
1412	55443	39493.1	31153.5	
1413	55443	31153.5	34782.9	
1414	55443	34782.9	38355	
1415	55443	38355	33849.7	
1416	55443	33849.7	38593.8	
1417	55443	38593.8	42308.1	
1418	55443	42308.1	43234.4	
1419	55443	43234.4	46958.1	
1420	55443	46958.1	45133.4	
1421	55443	45133.4	46955.8	
1422	55443	46955.8	46069.5	
1423	55443	46069.5	47989.7	
1424	55443	47989.7	47960	
1425	55443	47960	49767	
1426	55443	49767	47087.2	
1427	55810	47087.2	48006.7	
1428	55810	48006.7	48019.9	
1429	55810	48019.9	48953	
1430	56261	48953	47115.4	
1431	56261	47115.4	45189.3	
1432	56261	46127.8	42461.8	
1433	56261	42461.8	43387.7	
1434	56261	43387.7	44400	
1435	56261	44400	46178	
1436	56261	46178	50869	
1437	56261	50869	50841.8	
1438	56261	50841.8	48214.5	
1439	56261	48214.5	46404.3	
1440	56261	46404.3	48296.2	
1441	56261	48296.2	50300	
1442	56261	50300	51365.5	
1443	56261	51365.5	48648.3	
1444	56261	48648.3	50486.4	
1445	56261	50486.4	46768.4	
1446	56261	46768.4	51460.2	
1447	56261	51460.2	51529.5	
1448	56261	51529.5	46835.1	
1449	56261	46835.1	49649.4	
1450	56261	49649.4	52453.7	
1451	56261	52453.7	50551	
1452	56261	50551	46864.3	
1453	56261	46864.3	47772	
1454	56261	47772	49617.5	
1455	56261	49617.5	49600.3	
1456	56261	49600.3	49666.5	
1457	56261	49666.5	45902.7	
1458	56261	45902.7	47743.9	
1459	56261	47743.9	48748.2	
1460	56261	48748.2	47786.8	
1461	56261	47786.8	46821.2	
1462	56261	46821.2	51404.8	
1463	56261	51404.8	51439.1	
1464	56261	51439.1	44929.7	
1465	56261	44929.7	51457.8	
1466	56261	51457.8	48672.2	
1467	56261	48672.2	51530.2	
1468	56261	51530.2	52450.7	
1469	56261	52450.7	45767.5	
1470	56261	45767.5	45807	
1471	56261	45807	50577.3	
1472	56261	50577.3	50509.4	
1473	56261	50509.4	54360.6	
1474	56261	54360.6	47797.2	
1475	56261	47797.2	48697	
1476	56261	48697	52464.8	
1477	56261	52464.8	49575.7	
1478	56261	49575.7	50467.2	
1479	56261	50467.2	49628.9	
1480	56261	49628.9	43069.7	
1481	56261	43069.7	48634.1	
1482	56261	48634.1	48704.5	
1483	56261	48704.5	51484.9	
1484	56261	51484.9	51392.1	
1485	56261	51392.1	47629.2	
1486	56261	47629.2	48611	
1487	56261	48611	52361	
1488	56261	52361	53387.8	
1489	56261	53387.8	52449.8	
1490	56261	52449.8	50557.8	
1491	56261	50557.8	50526.8	
1492	56261	50526.8	45865.6	
1493	56261	45865.6	49584.5	
1494	56261	49584.5	50594.8	
1495	56261	50594.8	53397.3	
1496	56261	53397.3	52400.8	
1497	56261	52400.8	48650.6	
1498	56261	48650.6	47718.4	
1499	56261	47718.4	48704.7	
1500	56261	48704.7	50564.1	
1501	56261	50564.1	45808.2	
1502	56261	45808.2	50550.4	
1503	56261	50550.4	48603.1	
1504	56261	48603.1	48666.4	
1505	56261	48666.4	49536.2	
1506	56261	49536.2	50518.5	
1507	56261	50518.5	53337.4	
1508	56261	53337.4	50551.3	
1509	56261	50551.3	48691.2	
1510	56261	48691.2	48680.8	
1511	56261	48680.8	48656.3	
1512	56261	48656.3	49635.6	
1513	56261	49635.6	48650.9	
1514	56261	48650.9	50575.5	
1515	56261	50575.5	49534.8	
1516	56261	49534.8	50487	
1517	56261	50487	49654.9	
1518	56261	49654.9	55254.8	
1519	56261	55254.8	48565.8	
1520	56261	48565.8	52460.8	
1521	56261	52460.8	53381	
1522	56261	53381	44878.3	
1523	56261	44878.3	47737.7	
1524	56261	47737.7	47768.6	
1525	56261	47768.6	43008.9	
1526	56261	43008.9	51428.2	
1527	56261	51428.2	48661.6	
1528	56261	48661.6	47708.8	
1529	56261	47708.8	50432.7	
1530	56261	50432.7	49492.3	
1531	56261	49492.3	45778	
1532	56261	45778	50453.5	
1533	56261	50453.5	47743.6	
1534	56261	47743.6	50577.7	
1535	56261	50577.7	45859.1	
1536	56261	45859.1	52453.7	
1537	56261	52453.7	49667.6	
1538	56261	49667.6	49618.7	
1539	56261	49618.7	51487.1	
1540	56261	51487.1	53368.8	
1541	56261	53368.8	46811.9	
1542	56261	46811.9	50523.6	
1543	56261	50523.6	46794.1	
1544	56261	46794.1	46734.9	
1545	56261	46734.9	49634.6	
1546	56261	49634.6	52371.9	
1547	56261	52371.9	51467.4	
1548	56261	51467.4	50564.2	
1549	56261	50564.2	47754.5	
1550	56261	47754.5	50578.4	
1551	56261	50578.4	49608.9	
1552	56261	49608.9	48693.4	
1553	56261	48693.4	51497.8	
1554	56261	51497.8	45834.7	
1555	56261	45834.7	47723.9	
1556	56261	47723.9	50566.5	
1557	56261	50566.5	48695.6	
1558	56261	48695.6	47740.9	
1559	56261	47740.9	49565.4	
1560	56261	49565.4	52364.8	
1561	56261	52364.8	46818	
1562	56261	46818	46796.6	
1563	56261	46796.6	49590.6	
1564	56261	49590.6	47718.9	
1565	56261	47718.9	45851	
1566	56261	45851	47609.9	
1567	56261	47609.9	45889.5	
1568	56261	45889.5	44872	
1569	56261	44872	48669	
1570	56261	48669	50612.1	
1571	56261	50612.1	50561.4	
1572	56261	50561.4	48675.1	
1573	56261	48675.1	50567.8	
1574	56261	50567.8	49568.9	
1575	56261	49568.9	49536	
1576	56261	49536	44913	
1577	56261	44913	47766.2	
1578	56261	47766.2	51491.2	
1579	56261	51491.2	50554.5	
1580	56261	50554.5	46740.4	
1581	56261	46740.4	46761.4	
1582	56261	46761.4	48645.6	
1583	56261	48645.6	47740.2	
1584	56261	47740.2	46762.8	
1585	56261	46762.8	52360.9	
1586	56261	52360.9	51474.1	
1587	56261	51474.1	50546.1	
1588	56261	50546.1	53384.1	
1589	56261	53384.1	50581.6	
1590	56261	50581.6	53357.2	
1591	56261	53357.2	49637	
1592	56261	49637	47792.8	
1593	56261	47792.8	51481.8	
1594	56261	51481.8	52447.2	
1595	56261	52447.2	49580.4	
1596	56261	49580.4	46730.6	
1597	56261	46730.6	50437.1	
1598	56261	50437.1	51453.6	
1599	56261	51453.6	50528.5	
1600	56261	50528.5	51403.3	
1601	56261	51403.3	50574.2	
1602	56261	50574.2	52446.8	
1603	56261	52446.8	50547.9	
1604	56261	50547.9	52408.2	
1605	56261	52408.2	53276.6	
1606	56261	53276.6	48712.6	
1607	56261	48712.6	51450.4	
1608	56261	51450.4	47736.8	
1609	56261	47736.8	51496.1	
1610	56261	51496.1	50571	
1611	56261	50571	51487.3	
1612	56261	51487.3	51507.8	
1613	56261	51507.8	51475	
1614	56261	51475	52418.6	
1615	56261	52418.6	50513.2	
1616	56261	50513.2	47724.4	
1617	56261	47724.4	52400.8	
1618	56261	52400.8	47747.2	
1619	56261	47747.2	46797.2	
1620	56261	46797.2	51459.9	
1621	56261	51459.9	48666.6	
1622	56261	48666.6	50429.4	
1623	56261	50429.4	44876.5	
1624	56261	44876.5	50549.3	
1625	56261	50549.3	49616.6	
1626	56261	49616.6	49657.5	
1627	56261	49657.5	51541.7	
1628	56261	51541.7	51449.5	
1629	56261	51449.5	45827.5	
1630	56261	45827.5	48558.5	
1631	56261	48558.5	46795.9	
1632	56261	46795.9	52402.3	
1633	56261	52402.3	49614.8	
1634	56261	49614.8	48644.9	
1635	56261	48644.9	49647.5	
1636	56261	49647.5	49663.5	
1637	56261	49663.5	49635.7	
1638	56261	49635.7	44902.5	
1639	56261	44902.5	52416.8	
1640	56261	52416.8	54296.3	
1641	56261	54296.3	49652.4	
1642	56261	49652.4	48680.1	
1643	56261	48680.1	47738.7	
1644	56261	47738.7	48693	
1645	56261	48693	51403.5	
1646	56261	51403.5	46763.6	
1647	56261	46763.6	45862.9	
1648	56261	45862.9	50511.3	
1649	56261	50511.3	47652.3	
1650	56261	47652.3	51449.9	
1651	56261	51449.9	49568.4	
1652	56261	49568.4	53357.8	
1653	56261	53357.8	50602.7	
1654	56261	50602.7	45868.3	
1655	56261	45868.3	51512.3	
1656	56261	51512.3	53378.2	
1657	56261	53378.2	53354.3	
1658	56261	53354.3	49585.2	
1659	56261	49585.2	48685.5	
1660	56261	48685.5	46791	
1661	56261	46791	48648.3	
1662	56261	48648.3	47767.6	
1663	56261	47767.6	48709.5	
1664	56261	48709.5	49618.8	
1665	56261	49618.8	47695.8	
1666	56261	47695.8	47662	
1667	56261	47662	53326	
1668	56261	53326	52440.3	
1669	56261	52440.3	52436.5	
1670	56261	52436.5	46852.5	
1671	56261	46852.5	50490	
1672	56261	50490	51480.2	
1673	56261	51480.2	47739.3	
1674	56261	47739.3	48628.9	
1675	56261	48628.9	48552.4	
1676	56261	48552.4	51465.3	
1677	56261	51465.3	48646.8	
1678	56261	48646.8	46834.4	
1679	56261	46834.4	46789.7	
1680	56261	46789.7	49598	
1681	56261	49598	44063.8	
1682	56261	44063.8	47740.9	
1683	56261	47740.9	49536.6	
1684	56261	49536.6	48664.4	
1685	56261	48664.4	50383.3	
1686	56261	50383.3	44811.7	
1687	56261	44811.7	51381.5	
1688	56261	51381.5	49563.3	
1689	56261	49563.3	50543	
1690	56261	50543	43986.2	
1691	56261	43986.2	48627.3	
1692	56261	48627.3	49586.9	
1693	56261	49586.9	49629.5	
1694	56261	49629.5	47729.1	
1695	56261	47729.1	47750.9	
1696	56261	47750.9	47782.4	
1697	56261	47782.4	45808.5	
1698	56261	45808.5	45862.8	
1699	56261	45862.8	47701.4	
1700	56261	47701.4	47695.9	
1701	56261	47695.9	46830.4	
1702	56261	46830.4	46803.9	
1703	56261	46803.9	47736.6	
1704	56261	47736.6	48612.5	
1705	56261	48612.5	51488.7	
1706	56261	51488.7	51514.5	
1707	56261	51514.5	49687.5	
1708	56261	49687.5	48736.9	
1709	56261	48736.9	47757.6	
1710	56261	47757.6	44954.2	
1711	56261	44954.2	42998.1	
1712	56261	42998.1	50452.1	
1713	56261	50452.1	48645.4	
1714	56261	48645.4	49543.4	
1715	56261	49543.4	50530.4	
1716	56261	50530.4	43033.1	
1717	56261	43033.1	44902.4	
1718	56261	44902.4	49611.4	
1719	56261	49611.4	46804.1	
1720	56261	46804.1	51530.6	
1721	56261	51530.6	48688.1	
1722	56261	48688.1	48662.8	
1723	56261	48662.8	48729.4	
1724	56261	48729.4	49603.7	
1725	56261	49603.7	48662.4	
1726	56261	48662.4	41104.8	
1727	56261	41104.8	44851.4	
1728	56261	44851.4	43004	
1729	56261	43004	44816.1	
1730	56261	44816.1	48689.5	
1731	56261	48689.5	51460.7	
1732	56261	51460.7	47674.6	
1733	56261	47674.6	50573	
1734	56261	50573	47767	
1735	56261	47767	49638.6	
1736	56261	49638.6	50534	
1737	56261	50534	47656.3	
1738	56261	47656.3	44893.6	
1739	56261	44893.6	49584.8	
1740	56261	49584.8	48628.6	
1741	56261	48628.6	45795.6	
1742	56261	45795.6	47708.6	
1743	56261	47708.6	49611.3	
1744	56261	49611.3	51496.4	
1745	56261	51496.4	48664	
1746	56261	48664	51465.3	
1747	56261	51465.3	50449.4	
1748	56261	50449.4	48627.9	
1749	56261	48627.9	54242.2	
1750	56261	54242.2	51463.7	
1751	56261	51463.7	50587.6	
1752	56261	50587.6	47620.6	
1753	56261	47620.6	48668.1	
1754	56261	48668.1	45895.2	
1755	56261	45895.2	46762.6	
1756	56261	46762.6	45859.8	
1757	56261	45859.8	49629.5	
1758	56261	49629.5	51488.2	
1759	56261	51488.2	49599.9	
1760	56261	49599.9	47699.9	
1761	56261	47699.9	50526.7	
1762	56261	50526.7	48630.7	
1763	56261	48630.7	46791.7	
1764	56261	46791.7	49595.3	
1765	56261	49595.3	46860.5	
1766	56261	46860.5	51492.1	
1767	56261	51492.1	50515.6	
1768	56261	50515.6	49656.6	
1769	56261	49656.6	46797.8	
1770	56261	46797.8	48629.4	
1771	56261	48629.4	47713.3	
1772	56261	47713.3	50489	
1773	56261	50489	50554	
1774	56261	50554	49654.4	
1775	56261	49654.4	48646.9	
1776	56261	48646.9	48678.8	
1777	56261	48678.8	52416.4	
1778	56261	52416.4	52401.2	
1779	56261	52401.2	48652	
1780	56261	48652	48655.5	
1781	56261	48655.5	45833.6	
1782	56261	45833.6	46817.4	
1783	56261	46817.4	49610.4	
1784	56261	49610.4	43972.1	
1785	56261	43972.1	43922.6	
1786	56261	43922.6	48626.1	
1787	56261	48626.1	45847.1	
1788	56261	45847.1	46809.9	
1789	56261	46809.9	47774.3	
1790	56261	47774.3	51393.1	
1791	56261	51393.1	52311.6	
1792	56261	52311.6	51378.2	
1793	56261	51378.2	53410.7	
1794	56261	53410.7	51444.9	
1795	56261	51444.9	53383.6	
1796	56261	53383.6	47744.7	
1797	56261	47744.7	44028.1	
1798	56261	44028.1	49671.7	
1799	56261	49671.7	45881.2	
1800	56261	45881.2	50522.2	
1801	56261	50522.2	52444.4	
1802	56261	52444.4	50577.3	
1803	56261	50577.3	53371	
1804	56261	53371	49611.4	
1805	56261	49611.4	51485	
1806	56261	51485	48655.1	
1807	56261	48655.1	46767.2	
1808	56261	46767.2	47671.5	
1809	56261	47671.5	54318.8	
1810	56261	54318.8	44945.3	
1811	56261	44945.3	48722.6	
1812	56261	48722.6	50594.2	
1813	56261	50594.2	50545.2	
1814	56261	50545.2	47770.8	
1815	56261	47770.8	47735.2	
1816	56261	47735.2	51419.4	
1817	56261	51419.4	51521	
1818	56261	51521	47804.7	
1819	56261	47804.7	48630.5	
1820	56261	48630.5	49629.5	
1821	56261	49629.5	52426.5	
1822	56261	52426.5	50555	
1823	56261	50555	49575.6	
1824	56261	49575.6	48661.3	
1825	56261	48661.3	44026.1	
1826	56261	44026.1	48624.3	
1827	56261	48624.3	51503.1	
1828	56261	51503.1	47648.1	
1829	56261	47648.1	51349.4	
1830	56261	51349.4	48525.2	
1831	56261	48525.2	50606.1	
1832	56261	50606.1	47779.8	
1833	56261	47779.8	53246.4	
1834	56261	53246.4	50537.7	
1835	56261	50537.7	50541.8	
1836	56424	50541.8	48715.4	
1837	56424	48715.4	46840.6	
1838	56424	46840.6	47740.9	
1839	56424	48682.1	48691.6	
1840	56424	48691.6	50559.4	
1841	56424	50559.4	47779	
1842	56424	47779	48706.2	
1843	56424	48706.2	44917.4	
1844	56424	44917.4	42109.7	
1845	56424	42109.7	30851.7	
1846	56424	30851.8	36494.3	
1847	56424	36494.3	44917.1	
1848	56424	45858.1	49555.9	
1849	56424	50497	48562.5	
1850	56424	48562.5	43963.7	
1851	56424	43963.7	42983.4	
1852	56424	42983.4	46748.4	
1853	56424	46748.4	49642.9	
1854	56424	49642.9	43029.5	
1855	56424	43029.5	32674.7	
1856	56424	32674.7	36326.9	
1857	56424	36326.9	35469.3	
1858	56424	35469.3	39180	
1859	56424	39180	37297.6	
1860	56424	37297.6	39194.3	
1861	56424	39194.3	29835.2	
1862	56424	29835.2	31668.7	
1863	56424	31668.7	35411.2	
1864	56424	35411.2	38329	
1865	56424	38329	39427.1	
1866	56424	39427.1	41310.2	
1867	56424	41310.2	47775.5	
1868	56424	47775.5	51367.6	
1869	56424	51367.6	52325.3	
1870	56424	52325.3	51529.5	
1871	56424	51529.5	49723.9	
1872	56424	49723.9	50626.8	
1873	56424	50626.8	47889.6	
1874	56424	47889.6	49776.4	
1875	56424	49776.4	50634.2	
1876	56424	50634.2	47902.9	
1877	56424	47902.9	48768.9	
1878	56424	48768.9	52604.3	
1879	56424	52604.3	47936	
1880	56424	47936	51639.9	
1881	56424	51639.9	49748.8	
1882	56424	49748.8	48789.1	
1883	56424	48789.1	49742.1	
1884	56424	49742.1	52520.9	
1885	56424	52520.9	48847.7	
1886	56424	48847.7	52561.4	
1887	56424	52561.4	53561.7	
1888	56424	53561.7	47937.8	
1889	56424	47937.8	48844.7	
1890	56424	48844.7	51715.2	
1891	56424	51715.2	51597.1	
1892	56424	51597.1	54542.1	
1893	56424	54542.1	51677.3	
1894	56424	51677.3	51674.4	
1895	56424	51674.4	49750.3	
1896	56424	49750.3	49796.7	
1897	56424	49796.7	45031.3	
1898	56424	45031.3	46904.7	
1899	56424	46904.7	46941.4	
1900	56424	46941.4	46001.4	
1901	56424	46001.4	50640.2	
1902	56424	50640.2	51607.6	
1903	56424	51607.6	48853.2	
1904	56424	48853.2	47866.7	
1905	56424	47866.7	52598.6	
1906	56424	52598.6	52549.6	
1907	56424	52549.6	49650.3	
1908	56424	49650.3	50735.8	
1909	56424	50735.8	48853.1	
1910	56424	48853.1	48849.4	
1911	56424	48849.4	46954.7	
1912	56424	46954.7	51647.8	
1913	56424	51647.8	47915.2	
1914	56424	47915.2	53533.3	
1915	56424	53533.3	51677.5	
1916	56424	51677.5	50714.5	
1917	56424	50714.5	47888.7	
1918	56424	47888.7	50675.4	
1919	56424	50675.4	47865.8	
1920	56424	47865.8	44127.3	
1921	56424	44127.3	46889.2	
1922	56424	46889.2	45972.4	
1923	56424	45972.4	47793.2	
1924	56424	47793.2	49831.6	
1925	56424	49831.6	49807.2	
1926	56424	49807.2	47907.7	
1927	56424	47907.7	53524.9	
1928	56424	53524.9	53553.4	
1929	56424	53553.4	45063.8	
1930	56424	45063.8	46992.7	
1931	56424	46992.7	48872.4	
1932	56424	48872.4	44165	
1933	56424	44165	50679.1	
1934	56424	50679.1	51683.2	
1935	56424	51683.2	50722.4	
1936	56424	50722.4	51681.1	
1937	56424	51681.1	50753.2	
1938	56424	50753.2	47935.1	
1939	56424	47935.1	51586.1	
1940	56424	51586.1	51608.3	
1941	56424	51608.3	53518.9	
1942	56424	53518.9	50671.9	
1943	56424	50671.9	48841.4	
1944	56424	48841.4	51594	
1945	56424	51594	50706.2	
1946	56424	50706.2	47920.6	
1947	56424	47920.6	45090.2	
1948	56424	45090.2	45047.1	
1949	56424	45047.1	49708.1	
1950	56424	49708.1	49794.5	
1951	56424	49794.5	43153.5	
1952	56424	43153.5	47830.4	
1953	56424	47830.4	44066.2	
1954	56424	44066.2	51657.9	
1955	56424	51657.9	53507.2	
1956	56424	53507.2	50727.2	
1957	56424	50727.2	49807.5	
1958	56424	49807.5	49702.4	
1959	56424	49702.4	51673.2	
1960	56424	51673.2	51651.7	
1961	56424	51651.7	48832.2	
1962	56424	48832.2	49665.4	
1963	56424	49665.4	48825.4	
1964	56424	48825.4	50630	
1965	56424	50630	50626.7	
1966	56424	50626.7	47897.4	
1967	56424	47897.4	46029.8	
1968	56424	46029.8	47834.8	
1969	56424	47834.8	51607.5	
1970	56424	51607.5	52576.8	
1971	56424	52576.8	50671.2	
1972	56424	50671.2	50671.2	
1973	56424	50671.2	50671.2	
Column 2: 1973
Column 3: 1973
Column 4: 1972
