jeu_200_25_8.txt_5_bestGAPerIt	jeu_200_25_8.txt_5_popMeanGA	jeu_200_25_8.txt_5_offMeanGA	
0	-74.84	-230.473	-199.107	
1	-21.84	-199.107	-182.957	
2	-21.84	-182.957	-172.407	
3	-21.84	-165.123	-165.857	
4	-6.84	-165.857	-147.657	
5	-6.84	-143.59	-142.24	
6	-6.84	-136.507	340.024	
7	27724	340.024	396.424	
8	29497	396.424	1693.87	
9	29497	2190.16	3710.86	
10	32804	3710.86	5011.3	
11	32804	5561.29	5000.05	
12	32804	5551.13	11415.4	
13	32804	11964.6	9781.2	
14	32804	10331	9036.64	
15	32804	9586.47	10174.6	
16	32804	10723.3	10976.3	
17	32804	10976.3	11616.8	
18	32804	11616.8	12117.2	
19	32804	12667	10494.9	
20	32804	11045.5	13628.1	
21	32987	13628.1	11864.1	
22	32987	12417.1	15947.4	
23	32987	16498.9	15327.9	
24	32987	15881.9	15582.7	
25	32987	16134.3	15174	
26	32987	15728.2	18198.4	
27	32987	18198.4	16160.8	
28	32987	16713.2	13916.8	
29	32987	14468.9	15081.2	
30	32987	15634.6	18734.6	
31	32987	18734.6	17761.5	
32	32987	18313.8	17828.3	
33	32987	17828.3	19263.1	
34	32987	19815.8	17122.5	
35	32987	17674.7	21648.4	
36	32987	22199.7	20917.6	
37	32987	21470.4	21017.6	
38	32987	21569.7	22574.9	
39	32987	23129.5	22632.6	
40	32987	23184.7	23321.7	
41	32987	23873.3	20917.6	
42	32987	20917.6	17461.2	
43	33212	17461.2	21228.9	
44	33434	21228.9	23763	
45	34946	23763	20951.9	
46	34946	20951.9	24284	
47	34946	24284	20764.7	
48	34946	21348.2	23480.8	
49	34946	24064.3	21030.4	
50	34979	21030.4	21576.4	
51	34979	21576.4	21783.3	
52	35081	21783.3	24734.6	
53	36479	24734.6	27044.9	
54	36479	27654.3	25493	
55	36479	26102.7	23399.6	
56	36479	24008.3	23000.3	
57	36479	23000.3	24789	
58	36479	24789	26106.5	
59	37009	26106.5	27419.8	
60	37394	27419.8	28210.1	
61	37394	28210.1	29656.1	
62	37986	29656.1	29244.2	
63	37986	29878.2	26680.4	
64	37986	27314.7	27577.8	
65	38907	27577.8	21894.3	
66	39291	21894.3	22561.7	
67	39291	22561.7	21975.6	
68	39291	21975.6	19575.7	
69	39291	20232.1	26535.3	
70	39291	27191.3	25548.1	
71	39982	25548.1	29362.9	
72	40138	29362.9	21884.8	
73	40138	21884.8	25115	
74	40138	25115	20237.3	
75	40489	20237.3	28670.7	
76	40489	29346.5	24229	
77	40489	24905.5	19259	
78	40706	19259	22484.4	
79	40706	23163.9	21885.5	
80	40706	22565.6	21271.7	
81	40706	21271.7	23224.5	
82	40706	23904.3	23986.5	
83	40755	23986.5	27256.2	
84	41213	27256.2	32015.7	
85	41213	32703.4	30217.1	
86	41806	30217.1	29054.5	
87	41806	29752.8	31140.1	
88	41806	31837.7	30070	
89	41806	30070	28226	
90	42725	28226	26159.7	
91	42725	26872.7	26174.5	
92	42725	26887.5	28947.2	
93	42725	29660	32365	
94	42725	33078.4	32582.3	
95	42725	33295.7	33375.2	
96	42725	34088.1	27994.9	
97	42725	27994.9	28810.7	
98	42725	28810.7	29587.2	
99	42814	29587.2	31117.2	
100	42836	31117.2	32401	
101	43689	32401	30486.1	
102	43689	30486.1	36285.4	
103	43689	36285.4	31618.1	
104	43689	31618.1	30414.5	
105	44180	30414.5	28452.4	
106	44180	28452.4	30600.2	
107	44235	30600.2	34978.5	
108	44421	34978.5	35094.9	
109	44421	35835.8	36691	
110	44421	37431.7	36250.7	
111	44446	36250.7	38604.9	
112	44880	38604.9	33604.5	
113	44880	33604.5	38120.9	
114	44902	38120.9	36175.4	
115	45280	36175.4	31815.5	
116	45280	31815.5	39361.7	
117	45793	39361.7	39468.7	
118	45793	40232.8	36649.4	
119	45793	37413.3	39748.5	
120	45793	39748.5	34626.4	
121	45851	34626.4	36239.8	
122	46218	36239.8	33313.1	
123	46253	33313.1	31868.7	
124	46636	31868.7	30300.5	
125	46636	31078.8	30447.3	
126	47003	30447.3	27408.4	
127	47003	28192.8	26004.4	
128	47003	26788.7	29771	
129	47003	30555.2	35931.7	
130	47003	35931.7	37633.8	
131	47003	38417.8	33915.6	
132	47112	33915.6	33119.7	
133	47112	33905.7	33144.9	
134	47112	33930.7	37880	
135	47137	37880	39447.4	
136	47137	39447.4	35629.1	
137	47137	36415.5	34123.5	
138	47771	34123.5	35780.9	
139	47880	35780.9	30379.6	
140	47880	30379.6	36685.8	
141	47880	36685.8	36769.6	
142	47880	36769.6	39198.1	
143	47880	39198.1	42505.8	
144	47880	42505.8	37974.4	
145	47880	37974.4	41220.1	
146	47880	41220.1	37350.8	
147	47880	37350.8	38209.4	
148	47880	38209.4	41420.8	
149	47880	41420.8	43026.4	
150	47880	43026.4	41447.2	
151	47880	41447.2	40676.9	
152	47880	40676.9	39070.7	
153	48357	39070.7	40683.9	
154	48357	40683.9	39153.9	
155	48357	39153.9	39227.8	
156	48357	39227.8	40849.4	
157	48357	40849.4	40166.4	
158	48357	40166.4	42642.5	
159	48357	42642.5	37839.2	
160	48357	37839.2	40259.4	
161	48359	40259.4	39449.5	
162	48435	39449.5	41862.3	
163	48435	41862.3	44314.7	
164	48460	44314.7	39471.8	
165	48460	40280.1	41119.1	
166	48460	41119.1	41121.9	
167	48515	41121.9	37078.8	
168	48515	37078.8	37913.5	
169	48515	37913.5	33877.9	
170	48662	33877.9	37104.6	
171	48662	37104.6	36299.9	
172	48662	36299.9	37116.8	
173	48662	37116.8	36261.1	
174	48741	36261.1	35451.7	
175	48741	35451.7	33034.8	
176	48741	33034.8	37072.8	
177	48741	37886	40331.5	
178	48777	40331.5	38740.1	
179	48781	38740.1	40372.7	
180	48781	40372.7	38742.8	
181	48781	39556.7	36372.1	
182	48781	36372.1	38787.4	
183	48781	38787.4	32357.2	
184	48781	32357.2	36457.9	
185	48781	36457.9	36495.6	
186	48781	36495.6	42173.3	
187	48781	42173.3	42194.3	
188	48781	42194.3	41428.4	
189	48781	41428.4	38177.8	
190	48781	38177.8	41398.4	
191	48781	41398.4	43833.9	
192	48781	43833.9	39813.9	
193	48781	39813.9	38198.1	
194	48781	38198.1	35752.8	
195	48781	35752.8	39010.3	
196	48781	39010.3	41453.1	
197	48781	41453.1	43899.9	
198	48781	43899.9	41421.3	
199	48781	41421.3	40621	
200	48887	40621	42220.8	
201	48887	42220.8	43059.9	
202	48887	43059.9	41459.7	
203	48887	41459.7	43064.4	
204	48887	43064.4	39007.5	
205	48887	39007.5	42245.5	
206	48897	42245.5	43083.2	
207	48897	43083.2	45498.5	
208	48897	45498.5	45518.8	
209	48897	45518.8	40667.5	
210	48897	40667.5	39861.9	
211	48897	39861.9	42335	
212	48897	42335	39098	
213	48952	39098	39920.3	
214	48952	39920.3	40711.6	
215	48952	40711.6	40716.5	
216	48952	40716.5	42340.9	
217	48952	42340.9	41520.3	
218	49075	41520.3	44002.3	
219	49075	44002.3	41559.3	
220	49075	41559.3	42384.8	
221	49081	42384.8	41580.5	
222	49081	41580.5	35884.8	
223	49081	36703.5	35873.3	
224	49081	35873.3	37516.3	
225	49081	37516.3	31804	
226	49081	31804	33447.9	
227	49081	33447.9	35051.7	
228	49081	35051.7	32558	
229	49081	32558	37450	
230	49081	37450	44044.4	
231	49200	44044.4	42462.7	
232	49200	42462.7	38401.2	
233	49200	38401.2	44947.8	
234	49206	44947.8	44152	
235	49206	44152	43319	
236	49206	43319	44129.8	
237	49206	44129.8	42513.5	
238	49206	42513.5	44937.4	
239	49206	44937.4	42539.7	
240	49206	42539.7	35159.2	
241	49206	35159.2	40050	
242	49206	40050	45813.5	
243	49206	45813.5	40127.2	
244	49206	40127.2	40969.3	
245	49206	40969.3	44185	
246	49206	44185	37695.3	
247	49206	37695.3	43408.4	
248	49206	43408.4	40161.5	
249	49206	40161.5	40178	
250	49382	40178	41789.3	
251	49382	41789.3	39342.4	
252	49382	39342.4	41804	
253	49382	41804	41802.4	
254	49382	41802.4	41785	
255	49382	41785	41016.4	
256	49382	41016.4	41859.7	
257	49382	41859.7	40202.9	
258	49382	40202.9	36937.5	
259	49382	36937.5	39395.6	
260	49382	39395.6	41878.4	
261	49382	41878.4	43531.4	
262	49382	43531.4	42737	
263	49382	42737	43591.4	
264	49382	43591.4	43598	
265	49382	43598	41126.4	
266	49382	41126.4	36165	
267	49382	36165	44381	
268	49382	44381	43578.2	
269	49382	43578.2	44421.2	
270	49382	44421.2	41109.3	
271	49382	41109.3	46042.2	
272	49382	46042.2	41962.9	
273	49456	41962.9	38662	
274	49456	38662	41923.3	
275	49456	41923.3	40248	
276	49456	40248	40308.7	
277	49456	40308.7	43602.5	
278	49456	43602.5	39502.6	
279	49456	39502.6	39497.7	
280	49456	39497.7	42793.3	
281	49456	42793.3	41994.9	
282	49456	41994.9	42834.1	
283	49456	42834.1	39534.2	
284	49502	39534.2	38687.2	
285	49502	38687.2	36218.7	
286	49502	36218.7	41138.8	
287	49502	41965	41162.5	
288	49502	41162.5	37868.1	
289	49582	37868.1	40347.6	
290	49582	40347.6	39511.5	
291	49582	39511.5	42808.8	
292	49582	42808.8	42844.3	
293	49582	42844.3	42853.3	
294	49582	42853.3	45337	
295	49582	45337	44543.5	
296	49582	44543.5	40439.8	
297	49582	40439.8	40385.7	
298	49582	40385.7	42098.2	
299	49582	42098.2	44569.9	
300	49582	44569.9	40441	
301	49653	40441	45408.9	
302	49653	45408.9	38795.2	
303	49653	38795.2	42096.2	
304	49701	42096.2	44548.2	
305	49701	44548.2	43761.8	
306	49701	43761.8	41328.7	
307	49701	41328.7	41342	
308	49701	41342	41325.3	
309	50042	41325.3	43025.2	
310	50042	43025.2	45489.5	
311	50042	45489.5	43875.1	
312	50042	43875.1	42254.6	
313	50042	42254.6	42283.7	
314	50042	42283.7	39820.7	
315	50042	39820.7	44038.8	
316	50042	44038.8	43234.7	
317	50042	43234.7	39128.8	
318	50042	39128.8	37464.5	
319	50042	37464.5	40826	
320	50042	40826	44138.9	
321	50042	44138.9	45821.4	
322	50042	45821.4	42478.9	
323	50042	42478.9	41670.6	
324	50042	41670.6	38350.8	
325	50042	38350.8	42527.2	
326	50042	42527.2	42474.7	
327	50042	42474.7	40826.4	
328	50052	40826.4	38295.7	
329	50052	38295.7	39947.9	
330	50052	39947.9	39971.2	
331	50052	39971.2	42517	
332	50052	42517	45845.5	
333	50052	45845.5	39991.3	
334	50052	39991.3	42481.2	
335	50052	42481.2	39947.3	
336	50052	39947.3	40808.8	
337	50052	40808.8	46651.8	
338	50052	46651.8	37508	
339	50052	37508	39146.1	
340	50052	39146.1	43300.6	
341	50052	43300.6	45826.4	
342	50052	45826.4	45838.9	
343	50052	45838.9	44183.7	
344	50052	44183.7	40835	
345	50052	40835	40006.9	
346	50052	40006.9	46667.7	
347	50052	46667.7	44183.2	
348	50052	44183.2	39151.8	
349	50052	39151.8	43327	
350	50092	43327	45041.6	
351	50092	45041.6	43368.4	
352	50092	43368.4	39199.5	
353	50092	39199.5	38344.5	
354	50092	38344.5	41672.3	
355	50092	41672.3	43353.5	
356	50092	43353.5	44170.1	
357	50092	44170.1	41639.2	
358	50092	41639.2	41653.5	
359	50092	41653.5	44160.7	
360	50092	44160.7	38333.6	
361	50092	38333.6	38359.6	
362	50092	38359.6	36692.3	
363	50092	36692.3	37524.9	
364	50092	37524.9	39147.6	
365	50092	39147.6	42490.6	
366	50092	42490.6	41682.8	
367	50092	41682.8	37531.5	
368	50092	37531.5	33356.6	
369	50092	33356.6	34188.3	
370	50092	34188.3	35032.9	
371	50092	35032.9	39204.5	
372	50092	39204.5	41660.9	
373	50092	41660.9	40851.4	
374	50092	40851.4	40884.6	
375	50092	40884.6	36712.7	
376	50092	36712.7	40847.8	
377	50092	40847.8	45032.7	
378	50092	45032.7	39216.5	
379	50092	39216.5	35880.2	
380	50092	35880.2	37523.1	
381	50092	37523.1	35845.9	
382	50092	35845.9	40014.6	
383	50092	40014.6	45034.5	
384	50092	45034.5	39156.2	
385	50092	39156.2	37536.7	
386	50092	37536.7	35000.4	
387	50092	35000.4	43305.2	
388	50092	43305.2	41678.2	
389	50092	41678.2	42498.3	
390	50092	42498.3	40032.1	
391	50092	40032.1	40863.4	
392	50092	40863.4	36694.6	
393	50092	36694.6	38369.7	
394	50092	38369.7	37502.9	
395	50092	37502.9	41689.1	
396	50266	41689.1	43382.3	
397	50266	43382.3	41756.3	
398	50266	41756.3	39227.5	
399	50266	39227.5	43422.1	
400	50409	43422.1	41780.5	
401	50409	41780.5	41784.4	
402	50409	41784.4	41792.3	
403	50409	41792.3	41806.8	
404	50409	41806.8	41001.5	
405	50409	41001.5	45197.5	
406	50409	45197.5	39372.5	
407	50409	39372.5	40199.4	
408	50409	40199.4	43593.8	
409	50409	43593.8	39444.1	
410	50409	39444.1	42800.9	
411	50409	42800.9	41100.6	
412	50409	41100.6	37759.4	
413	50409	37759.4	41095.3	
414	50409	41095.3	46179.5	
415	50409	46179.5	43682.9	
416	50409	43682.9	42811.7	
417	50409	42811.7	39462.2	
418	50409	39462.2	39461.2	
419	50409	39461.2	41951.1	
420	50409	41951.1	46140.2	
421	50409	46140.2	42780.8	
422	50409	42780.8	42802.5	
423	50409	42802.5	39466.4	
424	50409	39466.4	43640.3	
425	50409	43640.3	41980.4	
426	50409	41980.4	46176.1	
427	50409	46176.1	45331.1	
428	50409	45331.1	42818.5	
429	50409	42818.5	43664	
430	50409	43664	46183.4	
431	50505	46183.4	43688.2	
432	50505	43688.2	41172.1	
433	50505	41172.1	39485.9	
434	50505	39485.9	42839.4	
435	50505	42839.4	45361.6	
436	50505	45361.6	41190.2	
437	50505	41190.2	41160.3	
438	50505	41160.3	40317.9	
439	50505	40317.9	42808.1	
440	50505	42808.1	41158.1	
441	50505	41158.1	42868.3	
442	50678	42868.3	41190.6	
443	50678	41190.6	42045.7	
444	50678	42045.7	43731.9	
445	50678	43731.9	42908.1	
446	50678	42908.1	44612.8	
447	50678	44612.8	40437.8	
448	50678	40437.8	37086.1	
449	50678	37086.1	39609.5	
450	50678	39609.5	44682.8	
451	50728	44682.8	42204.7	
452	50728	43050.9	43044.6	
453	50728	43044.6	38831.8	
454	50728	39678.1	43898.7	
455	50891	43898.7	44749	
456	50891	44749	46431.3	
457	50891	46431.3	43898.9	
458	50891	43898.9	44750.6	
459	50891	44750.6	39748.3	
460	50891	39748.3	42313.4	
461	50891	42313.4	43154.3	
462	50891	43154.3	42335	
463	50891	42335	43187	
464	50891	43187	44885.4	
465	50995	44885.4	38981.2	
466	51192	38981.2	44101.1	
467	51192	44101.1	39016	
468	51192	39016	39873.4	
469	51192	39873.4	44972.2	
470	51192	44972.2	41621.1	
471	51352	41621.1	42485.8	
472	51352	43342.4	35694.4	
473	51352	36551.1	41713.4	
474	51352	41713.4	41764.2	
475	51352	41764.2	41826.5	
476	51352	41826.5	42693.6	
477	51352	42693.6	40138.3	
478	51352	40138.3	41816.4	
479	51352	41816.4	40140.4	
480	51352	40140.4	42759.2	
481	51352	42759.2	42765.2	
482	51352	42765.2	41899.4	
483	51352	41899.4	48745.8	
484	51451	48745.8	47017.9	
485	51451	47017.9	43605.3	
486	51451	43605.3	41868.9	
487	51451	42727.1	40149.5	
488	51451	40149.5	43582.3	
489	51451	43582.3	45326.9	
490	51451	45326.9	42746.1	
491	51451	42746.1	40187.7	
492	51451	40187.7	40222	
493	51451	40222	38508.2	
494	51451	38508.2	41940.2	
495	51451	41940.2	41925.8	
496	51451	41925.8	42841.1	
497	51451	42841.1	44547.1	
498	51451	44547.1	44553.9	
499	51451	44553.9	40286.7	
500	51451	40286.7	41989.5	
501	51451	41989.5	40273	
502	51451	40273	44544.6	
503	51451	44544.6	37659.3	
504	51451	37659.3	42844.7	
505	51451	42844.7	37687.8	
506	51451	37687.8	42825.8	
507	51451	42825.8	45394	
508	51451	45394	42797.7	
509	51451	42797.7	46281.1	
510	51451	46281.1	43716.9	
511	51451	43716.9	38564.3	
512	51451	38564.3	44534.5	
513	51451	44534.5	42855	
514	51451	42855	41109.5	
515	51451	41109.5	43691.6	
516	51451	43691.6	39392.9	
517	51451	39392.9	44516.1	
518	51451	44516.1	45388.6	
519	51451	45388.6	48864.7	
520	51451	48864.7	42847.3	
521	51451	42847.3	43681	
522	51451	43681	46287.8	
523	51587	46287.8	44556.9	
524	51587	44556.9	39394.6	
525	51587	40255	44556.1	
526	51587	45416.6	39407.5	
527	51587	40268	43675	
528	51587	43675	42845	
529	51587	43705.5	41990	
530	51587	41990	44562.6	
531	51587	44562.6	41968.8	
532	51587	41968.8	44533.7	
533	51587	44533.7	42825.9	
534	51587	42825.9	39404.7	
535	51587	40265.3	44560.1	
536	51587	44560.1	42001.1	
537	51587	42001.1	40274.3	
538	51587	40274.3	37710.1	
539	51587	37710.1	41139.5	
540	51587	41139.5	38544.4	
541	51587	38544.4	42833.6	
542	51587	42833.6	39388.6	
543	51587	39388.6	39380.7	
544	51587	39380.7	40238.2	
545	51587	40238.2	36831.9	
546	51587	36831.9	42825	
547	51587	42825	36826.3	
548	51587	36826.3	38542.1	
549	51587	38542.1	43701.7	
550	51587	43701.7	43670.3	
551	51587	44530.8	41131.9	
552	51587	41992.5	36864.3	
553	51587	36864.3	37706.5	
554	51729	37706.5	33349.1	
555	51729	33349.1	41895.9	
556	51729	41895.9	38506.3	
557	51729	39369.1	43671.8	
558	51729	43671.8	44525.8	
559	51729	44525.8	45361.3	
560	51729	46224.2	42818.7	
561	51729	42818.7	43699.5	
562	51729	43699.5	38543	
563	51729	38543	38574.4	
564	51729	38574.4	40242	
565	51729	40242	41120	
566	51729	41120	39418.4	
567	51729	39418.4	41996.7	
568	51729	41996.7	41159.4	
569	51729	41159.4	39475.9	
570	51729	39475.9	39434.1	
571	51729	39434.1	39508.3	
572	51729	39508.3	39540.4	
573	51729	39540.4	47293	
574	51729	47293	45586.3	
575	51729	45586.3	46530.5	
576	51756	46530.5	44796.4	
577	51756	44796.4	42223.1	
578	51756	42223.1	43941.2	
579	51756	43941.2	41333.7	
580	51756	41333.7	41340.4	
581	51802	41340.4	42217	
582	51802	43080.9	44790.3	
583	51802	44790.3	46530.6	
584	51827	46530.6	46529.4	
585	51981	46529.4	43967.4	
586	51981	43967.4	46563.6	
587	51981	46563.6	43979.9	
588	51981	43979.9	44851.4	
589	52008	44851.4	43168	
590	52008	43168	44043.9	
591	52008	44043.9	40603.5	
592	52079	40603.5	37149.1	
593	52079	37149.1	42325.3	
594	52079	42325.3	45788.7	
595	52079	45788.7	44931.6	
596	52079	44931.6	43204.1	
597	52079	43204.1	42411.8	
598	52079	42411.8	48484.2	
599	52079	48484.2	45921.2	
600	52079	45921.2	43314.5	
601	52079	43314.5	39878.4	
602	52079	39878.4	38133.2	
603	52079	38133.2	37274.6	
604	52079	37274.6	38975.7	
605	52079	38975.7	40734.2	
606	52079	40734.2	45052.2	
607	52079	45052.2	41604.7	
608	52203	41604.7	43335.2	
609	52203	43335.2	35565.1	
610	52203	35565.1	37325.3	
611	52203	37325.3	44264.8	
612	52386	44264.8	46033.1	
613	52510	46033.1	43421.7	
614	52510	43421.7	46041.1	
615	52510	46041.1	45214.9	
616	52510	45214.9	46954.2	
617	52510	46954.2	45281.6	
618	52510	45281.6	44504.9	
619	52510	44504.9	43676.3	
620	52510	43676.3	41971.5	
621	52510	41971.5	42789.2	
622	52510	42789.2	41941.4	
623	52510	41941.4	46366.2	
624	52510	46366.2	48999.4	
625	52510	48999.4	45495.2	
626	52510	45495.2	46372.4	
627	52810	46372.4	45497.1	
628	52810	45497.1	47266	
629	52810	47266	43785.2	
630	52810	43785.2	40357.7	
631	52810	40357.7	44780	
632	52810	44780	43911.4	
633	52810	43911.4	42189.2	
634	53095	42189.2	44873.8	
635	53426	44873.8	43145.7	
636	53426	43145.7	45799.6	
637	53426	45799.6	48484.2	
638	53426	48484.2	49413.5	
639	53426	49413.5	47848.8	
640	53426	47848.8	45298.2	
641	53438	45298.2	46234.7	
642	53438	46234.7	48049	
643	53438	48049	44493.9	
644	53438	44493.9	45356.4	
645	53438	45356.4	42704.2	
646	53487	42704.2	44484.6	
647	53487	44484.6	46251	
648	53487	46251	44470.5	
649	53487	44470.5	44492.9	
650	53487	44492.9	45370.5	
651	53487	45370.5	47168.7	
652	53487	47168.7	43600.8	
653	53487	43600.8	41855	
654	53487	41855	41843.9	
655	53487	41843.9	40949	
656	53487	40949	43600	
657	53487	43600	40968.1	
658	53487	40968.1	45434.3	
659	53487	45434.3	42758.5	
660	53487	42758.5	47214.2	
661	53487	47214.2	42752.2	
662	53487	42752.2	40106.8	
663	53487	40106.8	48115.2	
664	53487	48115.2	42775.3	
665	53487	42775.3	43630.5	
666	53487	43630.5	43626.6	
667	53487	43626.6	45401.1	
668	53487	45401.1	46318.1	
669	53487	46318.1	43668.4	
670	53487	43668.4	44526.1	
671	53487	44526.1	47217.8	
672	53487	47217.8	47226.6	
673	53487	47226.6	45441.7	
674	53487	45441.7	43654.7	
675	53487	43654.7	45431	
676	53487	45431	45425.3	
677	53487	45425.3	42755.5	
678	53487	42755.5	44545	
679	53487	44545	43670.3	
680	53487	43670.3	44561.4	
681	53487	44561.4	40990.5	
682	53487	40990.5	44552.1	
683	53487	44552.1	44558.6	
684	53487	44558.6	50796.3	
685	53487	50796.3	44563.8	
686	53487	44563.8	43661.3	
687	53487	43661.3	42765	
688	53487	42765	46296.8	
689	53487	46296.8	46267	
690	53487	46267	45412.7	
691	53493	45412.7	43660.6	
692	53493	43660.6	45408.9	
693	53493	45408.9	47200.3	
694	53493	47200.3	45435.6	
695	53493	45435.6	43665.1	
696	53493	43665.1	42766	
697	53493	42766	39177.4	
698	53493	39177.4	46297.8	
699	53493	46297.8	48979.8	
700	53493	48979.8	48102.6	
701	53493	48102.6	40965.2	
702	53543	40965.2	40978.5	
703	53543	41871.6	41870.7	
704	53543	41870.7	43648.4	
705	53543	43648.4	39191.7	
706	53543	39191.7	40116.6	
707	53543	40116.6	43674.1	
708	53709	43674.1	43653.1	
709	53709	43653.1	42795.6	
710	53709	42795.6	43682.1	
711	53709	43682.1	46375.8	
712	53709	46375.8	43724.6	
713	53709	43724.6	39244	
714	53709	39244	39215.5	
715	53709	39215.5	42770.6	
716	53709	42770.6	43647.5	
717	53709	43647.5	43665.7	
718	53709	43665.7	43685.7	
719	53709	43685.7	42801.5	
720	53709	42801.5	42784.9	
721	53709	42784.9	46347.9	
722	53709	46347.9	46393.7	
723	53709	46393.7	38362.4	
724	53709	38362.4	33849.1	
725	53709	33849.1	40101.5	
726	53709	40101.5	44599.4	
727	53709	44599.4	41011.6	
728	53709	41011.6	40108.7	
729	53709	40108.7	41031.8	
730	53709	41031.8	41015.3	
731	53709	41015.3	41038.2	
732	53709	41038.2	42853.3	
733	53709	42853.3	36611.8	
734	53709	36611.8	41957.5	
735	53709	41957.5	44631.5	
736	53709	44631.5	47359.1	
737	53709	47359.1	45608.8	
738	53709	45608.8	42905.7	
739	53709	42905.7	39364.4	
740	53709	39364.4	45588.5	
741	53709	45588.5	43822.9	
742	53709	43822.9	44736	
743	53709	44736	46504.7	
744	53709	46504.7	47412.5	
745	53709	47412.5	48281.6	
746	53709	48281.6	50108.6	
747	53709	50108.6	50087.3	
748	53709	50087.3	47401.7	
749	53709	47401.7	44752.3	
750	53709	44752.3	45621.7	
751	53709	45621.7	42918.5	
752	53709	42918.5	46492.6	
753	53796	46492.6	42933.4	
754	53796	42933.4	41143.6	
755	53796	41143.6	38456.1	
756	53796	38456.1	42907.5	
757	53796	42907.5	44709.8	
758	53796	44709.8	45644.7	
759	53796	45644.7	45666.8	
760	53796	45666.8	47429.1	
761	53796	47429.1	43871.1	
762	53796	43871.1	44751	
763	53796	44751	46559.2	
764	53796	46559.2	48378.1	
765	53796	48378.1	44795.9	
766	53796	44795.9	48408.4	
767	53909	48408.4	43883.5	
768	53909	44782.7	46547	
769	53909	46547	43915	
770	53909	43915	43903.5	
771	53909	43903.5	47466.1	
772	53909	47466.1	45733.9	
773	53909	45733.9	45702.4	
774	53909	45702.4	43924.1	
775	53909	43924.1	46626.6	
776	53909	46626.6	44836.5	
777	53909	44836.5	44862.9	
778	53909	44862.9	47549.8	
779	53909	47549.8	47544.2	
780	53909	47544.2	43972.4	
781	53909	43972.4	46689.2	
782	53909	46689.2	45761	
783	53909	45761	44889.6	
784	53909	44889.6	44006.4	
785	53909	44006.4	46686.2	
786	53909	46686.2	48490.6	
787	53909	48490.6	43049.3	
788	53909	43049.3	47515.4	
789	53909	47515.4	43094.2	
790	53909	43094.2	42181.4	
791	53909	42181.4	47596.9	
792	53909	47596.9	40386.9	
793	53909	40386.9	39457.8	
794	53909	39457.8	44880.1	
795	53909	44880.1	47588.4	
796	53909	47588.4	44016.6	
797	53909	44016.6	41306.4	
798	53909	41306.4	42209.7	
799	53909	42209.7	42212	
800	53909	42212	45763.8	
801	53909	45763.8	43079.6	
802	53909	43079.6	45777.5	
803	53909	45777.5	41276.6	
804	53909	41276.6	43088.5	
805	53971	43088.5	43086.3	
806	53971	43086.3	47595	
807	53971	47595	43056.6	
808	53971	43956.9	43980.3	
809	53971	43980.3	42221.7	
810	53971	42221.7	42221.4	
811	53971	42221.4	38627.7	
812	53971	38627.7	43966.8	
813	53971	43966.8	44905.2	
814	54117	44905.2	45829.7	
815	54117	45829.7	47652.4	
816	54117	47652.4	46753.9	
817	54117	47656.7	39576.5	
818	54117	39576.5	43178.4	
819	54117	43178.4	36854.3	
820	54117	36854.3	37765.9	
821	54117	37765.9	37752.6	
822	54117	37752.6	38652.1	
823	54117	38652.1	41385.5	
824	54117	41385.5	35085.6	
825	54117	35085.6	37769.2	
826	54117	37769.2	39590.9	
827	54117	39590.9	40532.2	
828	54340	40532.2	41427.4	
829	54340	41427.4	43239.6	
830	54340	43239.6	40582.5	
831	54340	40582.5	42378.1	
832	54340	42378.1	40612.1	
833	54340	40612.1	47823.5	
834	54340	47823.5	46040.9	
835	54340	46040.9	46115.4	
836	54340	46115.4	42525.7	
837	54340	42525.7	48825.8	
838	54340	48825.8	47943.8	
839	54340	47943.8	47053.8	
840	54340	47053.8	40702.9	
841	54340	40702.9	46118.1	
842	54340	46118.1	40699	
843	54340	40699	48816.6	
844	54340	48816.6	47957.9	
845	54340	47957.9	46999.9	
846	54340	46999.9	48820.8	
847	54340	48820.8	47927.9	
848	54340	47927.9	48860.8	
849	54340	48860.8	47957.7	
850	54340	47957.7	46159.3	
851	54340	46159.3	48871.5	
852	54340	48871.5	48843.8	
853	54340	48843.8	40714.6	
854	54340	40714.6	45230.3	
855	54340	45230.3	47051.4	
856	54340	47051.4	44340	
857	54340	44340	46166.3	
858	54340	46166.3	45241.7	
859	54340	45241.7	45262.3	
860	54340	45262.3	46152.5	
861	54563	46152.5	47987.3	
862	54563	47987.3	42577.2	
863	54563	42577.2	43523.5	
864	54563	43523.5	43561.1	
865	54563	43561.1	46293.5	
866	54563	46293.5	42670.2	
867	54563	42670.2	48149.9	
868	54563	48149.9	46353.4	
869	54563	46353.4	46343.8	
870	54563	46343.8	44538.8	
871	54563	44538.8	46349.2	
872	54563	46349.2	49080.4	
873	54563	49080.4	43608.5	
874	54563	43608.5	41808.1	
875	54563	41808.1	44537.1	
876	54563	44537.1	42716.8	
877	54563	42716.8	43618.5	
878	54563	43618.5	44529.9	
879	54563	44529.9	44496.8	
880	54563	44496.8	48134.5	
881	54563	48134.5	45437.7	
882	54563	45437.7	43600.7	
883	54563	43600.7	45391.1	
884	54563	45391.1	52638.2	
885	54563	52638.2	49093.6	
886	54563	49093.6	46370	
887	54563	46370	48180.6	
888	54563	48180.6	48174.4	
889	54563	48174.4	41819.9	
890	54563	41819.9	51798.1	
891	54563	51798.1	46349.4	
892	54563	46349.4	45419.8	
893	54563	45419.8	47243.5	
894	54613	47243.5	50902.7	
895	54613	50902.7	50883.1	
896	54613	50883.1	45403.2	
897	54613	45403.2	43627.9	
898	54613	43627.9	48202.2	
899	54613	48202.2	47291.9	
900	54613	47291.9	45465.5	
901	54613	45465.5	40875.2	
902	54690	40875.2	43629.1	
903	54690	44541.5	40025	
904	54690	40937.3	48230.7	
905	54690	48230.7	44580.9	
906	54690	44580.9	45479.4	
907	54690	45479.4	48185.2	
908	54690	48185.2	44558	
909	54690	44558	41809.5	
910	54690	41809.5	40915.6	
911	54690	40915.6	44567.3	
912	54690	44567.3	40936.8	
913	54729	40936.8	45491.5	
914	54729	45491.5	40920.2	
915	54729	40920.2	45488.2	
916	54779	45488.2	48237.6	
917	54779	48237.6	45495	
918	54779	45495	44584.1	
919	54779	44584.1	49155.3	
920	54779	49155.3	49187.1	
921	54779	49187.1	45586.3	
922	54779	45586.3	46504.6	
923	54779	46504.6	49266.1	
924	54779	49266.1	43804.4	
925	54779	43804.4	48348.6	
926	54779	48348.6	44691.1	
927	54779	44691.1	48354.4	
928	54779	48354.4	45628.4	
929	54779	45628.4	46512.5	
930	54779	46512.5	46537.9	
931	54779	46537.9	44708.4	
932	54779	44708.4	46491.7	
933	54779	46491.7	47413.6	
934	54890	47413.6	46533	
935	54890	46533	43805.9	
936	54890	43805.9	41073.2	
937	54890	41073.2	47467.1	
938	54890	47467.1	46538.4	
939	54890	46538.4	48379.8	
940	54890	48379.8	38348.8	
941	54890	38348.8	43839.8	
942	54890	43839.8	47538.1	
943	54890	47538.1	45708.7	
944	54890	45708.7	46615.8	
945	54890	46615.8	48440.9	
946	54890	48440.9	49361.8	
947	54890	49361.8	46642.2	
948	54890	46642.2	42981.3	
949	54890	42981.3	48456.3	
950	55176	48456.3	47525.7	
951	55176	47525.7	49368	
952	55176	49368	42077.9	
953	55176	42077.9	44807	
954	55176	44807	47584	
955	55176	47584	46720.2	
956	55176	46720.2	49494.5	
957	55176	49494.5	50477.6	
958	55176	50477.6	45965.7	
959	55176	45965.7	45000.8	
960	55176	45000.8	45913.6	
961	55176	45913.6	44994.5	
962	55176	44994.5	49608.7	
963	55176	49608.7	47793.8	
964	55176	47793.8	45941.9	
965	55176	45941.9	48721.6	
966	55176	48721.6	46863	
967	55176	46863	47804.2	
968	55176	47804.2	48701.8	
969	55176	48701.8	49649	
970	55176	49649	47788.5	
971	55176	47788.5	46866.8	
972	55176	46866.8	45030.5	
973	55176	45030.5	43143.8	
974	55176	43143.8	43152.5	
975	55176	43152.5	49616.7	
976	55176	49616.7	48706.9	
977	55176	48706.9	48697.3	
978	55176	48697.3	45953.1	
979	55176	45953.1	46886.3	
980	55176	46886.3	47783.5	
981	55176	47783.5	46847.1	
982	55176	46847.1	47759.1	
983	55176	47759.1	48730	
984	55176	48730	49646.4	
985	55176	49646.4	46868.6	
986	55176	46868.6	46871.7	
987	55176	46871.7	47791.4	
988	55176	47791.4	42246.2	
989	55176	42246.2	45903.3	
990	55176	45903.3	40425	
991	55176	40425	40406.9	
992	55176	40406.9	43170.5	
993	55176	43170.5	46855.7	
994	55176	46855.7	43172	
995	55176	43172	43195.7	
996	55176	43195.7	40441.6	
997	55176	40441.6	41361.7	
998	55176	41361.7	42263.1	
999	55176	42263.1	45027.8	
1000	55176	45027.8	50533.5	
1001	55176	50533.5	46862.3	
1002	55176	46862.3	45052.9	
1003	55176	45052.9	44110.3	
1004	55176	44110.3	45976.7	
1005	55186	45976.7	48649.7	
1006	55186	48649.7	48679.7	
1007	55186	48679.7	46868.6	
1008	55186	46868.6	43179.4	
1009	55186	43179.4	43191.6	
1010	55186	43191.6	42263.5	
1011	55186	42263.5	43159.2	
1012	55186	43159.2	46865.9	
1013	55186	46865.9	41368.9	
1014	55427	41368.9	44157.7	
1015	55427	44157.7	43230	
1016	55427	43230	48748.1	
1017	55427	48748.1	47858.2	
1018	55427	47858.2	44207.7	
1019	55427	44207.7	44237.4	
1020	55427	44237.4	46108.3	
1021	55427	46108.3	50738.6	
1022	55427	50738.6	49873	
1023	55427	49873	48017.5	
1024	55427	48017.5	47092	
1025	55584	47092	46142.5	
1026	55584	46142.5	43409.3	
1027	55584	43409.3	47078.2	
1028	55584	47078.2	49823.8	
1029	55584	49823.8	47058.2	
1030	55584	47058.2	46165.3	
1031	55652	46165.3	46195.8	
1032	55652	46195.8	43413.8	
1033	55652	43413.8	43426.8	
1034	55652	43426.8	45279	
1035	55652	45279	47129.6	
1036	55652	47129.6	40692.8	
1037	55652	40692.8	44403	
1038	55652	44403	49027.6	
1039	55652	49027.6	48125.8	
1040	55652	48125.8	43493.5	
1041	55652	43493.5	49099.6	
1042	55652	49099.6	51934.3	
1043	55652	51934.3	45389.1	
1044	55652	45389.1	43514.5	
1045	55652	43514.5	48164	
1046	55652	48164	42599.8	
1047	55652	42599.8	39796.8	
1048	55652	39796.8	44457.3	
1049	55652	44457.3	50938.7	
1050	55652	50938.7	46322.3	
1051	55652	46322.3	46332.5	
1052	55652	46332.5	48163.7	
1053	55652	48163.7	50026.9	
1054	55652	50026.9	50990.5	
1055	55652	50990.5	49118.8	
1056	55652	49118.8	46352	
1057	55652	46352	37982.5	
1058	55652	37982.5	40711.5	
1059	55652	40711.5	46305.2	
1060	55652	46305.2	50964.4	
1061	55652	50964.4	43582	
1062	55652	43582	46342.1	
1063	55652	46342.1	45421.4	
1064	55652	45421.4	50061.3	
1065	55652	50061.3	46317.3	
1066	55652	46317.3	42600.8	
1067	55652	42600.8	42641.6	
1068	55652	42641.6	45399.6	
1069	55652	45399.6	44485.4	
1070	55652	44485.4	48205.8	
1071	55652	48205.8	43567.5	
1072	55652	43567.5	44489	
1073	55652	44489	40794.8	
1074	55652	40794.8	44466.4	
1075	55652	44466.4	50014.3	
1076	55652	50014.3	47272.7	
1077	55652	47272.7	44494.8	
1078	55652	44494.8	44488.4	
1079	55652	44488.4	50075.2	
1080	55652	50075.2	44486.6	
1081	55652	44486.6	41683.6	
1082	55652	41683.6	44460	
1083	55652	44460	47239.5	
1084	55652	47239.5	52803.2	
1085	55652	52803.2	48152.7	
1086	55652	48152.7	46312.8	
1087	55652	46312.8	49100.9	
1088	55652	49100.9	43588.6	
1089	55682	43588.6	43575.5	
1090	55682	43575.5	50039.6	
1091	55682	50968.4	49115.6	
1092	55682	49115.6	44495.6	
1093	55682	44495.6	50972.2	
1094	55682	50972.2	44506.1	
1095	55682	44506.1	46350.7	
1096	55682	46350.7	50980.4	
1097	55682	50980.4	48212.8	
1098	55926	48212.8	50081.6	
1099	55926	50081.6	49153.6	
1100	55926	49153.6	43593.5	
1101	55956	43593.5	50129.7	
1102	55956	50129.7	50135.9	
1103	55956	50135.9	44644.9	
1104	55956	44644.9	43693.7	
1105	55956	43693.7	41875.3	
1106	55956	41875.3	47496.5	
1107	55956	47496.5	52173.9	
1108	55956	52173.9	45661.2	
1109	55956	45661.2	48464.9	
1110	55956	48464.9	44714.3	
1111	55956	44714.3	47537.6	
1112	55956	47537.6	49410	
1113	55956	49410	47552	
1114	55956	47552	46605.8	
1115	55956	46605.8	52161.9	
1116	55956	52161.9	48474.7	
1117	55956	48474.7	45634	
1118	55956	45634	47545.9	
1119	55956	47545.9	51281.3	
1120	55956	51281.3	50336.8	
1121	55956	50336.8	47499.7	
1122	55956	47499.7	49352.9	
1123	56172	49352.9	50294.7	
1124	56172	50294.7	51274.3	
1125	56172	51274.3	48487.4	
1126	56172	48487.4	47557	
1127	56172	47557	46647.4	
1128	56172	46647.4	47606.7	
1129	56172	47606.7	52329.4	
1130	56172	52329.4	49561.6	
1131	56247	49561.6	48605.1	
1132	56247	48605.1	40191.2	
1133	56247	40191.2	42090.6	
1134	56247	42090.6	43962.1	
1135	56247	43962.1	44885	
1136	56247	44885	42078.7	
1137	56247	42078.7	49623.3	
1138	56247	49623.3	43990.2	
1139	56247	43990.2	42111.1	
1140	56247	42111.1	49618.2	
1141	56247	49618.2	48690.5	
1142	56247	48690.5	47742.8	
1143	56247	47742.8	45876.9	
1144	56247	45876.9	44931.9	
1145	56247	44931.9	48675.9	
1146	56247	48675.9	51502.4	
1147	56247	51502.4	51501.6	
1148	56247	51501.6	48673.3	
1149	56247	48673.3	48708.4	
1150	56247	48708.4	45904.5	
1151	56247	45904.5	46797.5	
1152	56247	46797.5	50540	
1153	56247	50540	47784.2	
1154	56247	47784.2	47790.6	
1155	56247	47790.6	44019.2	
1156	56247	44019.2	44951.8	
1157	56247	44951.8	41205.8	
1158	56247	41205.8	44944.7	
1159	56247	44944.7	50534.6	
1160	56247	50534.6	46834.7	
1161	56247	46834.7	48716.2	
1162	56247	48716.2	44035	
1163	56247	44035	48731	
1164	56247	48731	48716.4	
1165	56247	48716.4	48745.2	
1166	56247	48745.2	48691.6	
1167	56247	48691.6	47754.9	
1168	56247	47754.9	43088.4	
1169	56247	43088.4	43061	
1170	56247	43061	43072.4	
1171	56247	43072.4	46796.9	
1172	56247	46796.9	44941.7	
1173	56247	44941.7	49648.6	
1174	56247	49648.6	50571.9	
1175	56247	50571.9	46828	
1176	56247	46828	43019.2	
1177	56247	43019.2	47736.1	
1178	56247	47736.1	43076.5	
1179	56247	43076.5	45907.6	
1180	56247	45907.6	51525.3	
1181	56247	51525.3	51540.4	
1182	56247	51540.4	52470.6	
1183	56273	52470.6	48678.3	
1184	56273	48678.3	47772.1	
1185	56273	47772.1	44036.2	
1186	56273	44036.2	46812.8	
1187	56273	46812.8	48685.3	
1188	56273	48685.3	47797.6	
1189	56273	47797.6	47769	
1190	56273	47769	45907.1	
1191	56273	45907.1	47774.7	
1192	56273	47774.7	44054.2	
1193	56273	44054.2	50586.4	
1194	56273	50586.4	45927.6	
1195	56395	45927.6	50608	
1196	56395	50608	50558.3	
1197	56395	50558.3	44970.8	
1198	56395	44970.8	46847	
1199	56395	46847	50602	
1200	56395	50602	49667.6	
1201	56395	49667.6	50636.8	
1202	56395	50636.8	50680.7	
1203	56395	50680.7	50687	
1204	56395	50687	46966.2	
1205	56395	46966.2	47902.6	
1206	56395	47902.6	49777.8	
1207	56395	49777.8	44114.7	
1208	56395	44114.7	46020.4	
1209	56395	46020.4	46042.5	
1210	56395	46042.5	44135.1	
1211	56395	44135.1	46007.1	
1212	56395	46007.1	47867.5	
1213	56395	47867.5	43222.3	
1214	56395	43222.3	42281.2	
1215	56395	42281.2	45095.6	
1216	56395	45095.6	42257.9	
1217	56413	42257.9	51670.5	
1218	56413	51670.5	50703.2	
1219	56413	50703.2	51681.4	
1220	56413	51681.4	49787	
1221	56413	49787	50723.3	
1222	56413	50723.3	49786	
1223	56413	49786	47892.4	
1224	56413	47892.4	44132.7	
1225	56413	44132.7	46012.2	
1226	56413	46012.2	47914.1	
1227	56413	47914.1	46004.5	
1228	56413	46004.5	46931.7	
1229	56413	46931.7	49774	
1230	56413	49774	46025.5	
1231	56413	46025.5	49818.1	
1232	56413	49818.1	50709.2	
1233	56413	50709.2	48844.6	
1234	56413	48844.6	46011.9	
1235	56413	46011.9	47888.1	
1236	56413	47888.1	46980.1	
1237	56413	46980.1	50748.8	
1238	56413	50748.8	49817.9	
1239	56413	49817.9	50767.1	
1240	56413	50767.1	47916.9	
1241	56413	47916.9	47926.6	
1242	56413	47926.6	48871	
1243	56413	48871	46970.9	
1244	56413	46970.9	50732.1	
1245	56413	50732.1	49759.5	
1246	56422	49759.5	46972	
1247	56422	46972	47005.8	
1248	56422	47005.8	49771.7	
1249	56422	49771.7	45111.3	
1250	56422	45111.3	46039.7	
1251	56422	46039.7	47010.3	
1252	56422	47010.3	46972.9	
1253	56422	46972.9	46953.2	
1254	56422	46953.2	48856.4	
1255	56422	48856.4	47899.8	
1256	56422	47899.8	46967.8	
1257	56422	46967.8	50734.8	
1258	56422	50734.8	49815.5	
1259	56422	49815.5	50739.1	
1260	56422	50739.1	44175.7	
1261	56422	44175.7	49801.4	
1262	56422	49801.4	46026.7	
1263	56422	46026.7	47929.4	
1264	56422	47929.4	46974.7	
1265	56422	46974.7	46994.9	
1266	56422	46994.9	50770.9	
1267	56422	50770.9	46061	
1268	56422	46061	46047.1	
1269	56422	46047.1	46998.8	
1270	56422	46998.8	44181.2	
1271	56422	44181.2	45104.5	
1272	56422	45104.5	42309.4	
1273	56422	42309.4	46948	
1274	56422	46948	46024.1	
1275	56422	46024.1	48838.1	
1276	56422	48838.1	48838.6	
1277	56422	48838.6	52614.8	
1278	56422	52614.8	50746.5	
1279	56422	50746.5	48875.3	
1280	56422	48875.3	43241.2	
1281	56422	43241.2	37590.8	
1282	56422	37590.8	46038.3	
1283	56422	46038.3	47933.3	
1284	56422	47933.3	50722.3	
1285	56427	50722.3	45092.4	
1286	56427	45092.4	47919.8	
1287	56427	47919.8	42285.9	
1288	56427	42285.9	46064.1	
1289	56427	46064.1	45104.4	
1290	56427	45104.4	45086.7	
1291	56427	45086.7	48866.7	
1292	56427	48866.7	47939.7	
1293	56427	47939.7	46979.1	
1294	56427	46979.1	46976.5	
1295	56427	46976.5	50752.7	
1296	56427	50752.7	53540.8	
1297	56427	53540.8	39455.7	
1298	56427	39455.7	40407.3	
1299	56427	40407.3	49758.1	
1300	56427	49758.1	47895.2	
1301	56427	47895.2	46995.1	
1302	56439	46995.1	45080.3	
1303	56439	45080.3	43217.8	
1304	56439	43217.8	50710.4	
1305	56439	50710.4	41310	
1306	56439	41310	46001.4	
1307	56439	46001.4	52568.1	
1308	56439	52568.1	46961.9	
1309	56472	46961.9	43177	
1310	56472	44119	45082.4	
1311	56472	45082.4	45107.8	
1312	56472	45107.8	45108.3	
1313	56472	45108.3	47000.1	
1314	56484	47000.1	46050.1	
1315	56484	46050.1	45114.7	
1316	56484	45114.7	43239.5	
1317	56484	43239.5	47935.6	
1318	56484	47935.6	50757.1	
1319	56484	50757.1	53609.5	
1320	56484	53609.5	49839.2	
1321	56484	49839.2	49868.8	
1322	56484	49868.8	50812	
1323	56484	50812	48926.7	
1324	56484	48926.7	44229.5	
1325	56484	44229.5	43289.4	
1326	56484	43289.4	41404.4	
1327	56484	41404.4	42314.9	
1328	56484	42314.9	47018.6	
1329	56484	47018.6	39498.7	
1330	56484	39498.7	35732.8	
1331	56484	35732.8	41357.4	
1332	56484	41357.4	43257.4	
1333	56484	43257.4	44189.6	
1334	56484	44189.6	42331.2	
1335	56484	42331.2	49865.7	
1336	56484	49865.7	50822.1	
1337	56484	50822.1	47013	
1338	56484	47013	50775.1	
1339	56484	50775.1	50783.7	
1340	56484	50783.7	48933	
1341	56484	48933	48913.1	
1342	56484	48913.1	48903.7	
1343	56484	48903.7	48904.7	
1344	56484	48904.7	44191.4	
1345	56484	44191.4	44173.9	
1346	56484	44173.9	45156.3	
1347	56484	45156.3	50770.2	
1348	56484	50770.2	47963.1	
1349	56520	47963.1	46069.7	
1350	56520	46069.7	47941.9	
1351	56520	47941.9	48906.8	
1352	56520	48906.8	45137	
1353	56520	45137	47982.5	
1354	56573	47982.5	47982.5	
1355	56573	47982.5	47982.5	
Column 2: 1355
Column 3: 1355
Column 4: 1354
