jeu_200_75_5.txt_3_currentACO	jeu_200_75_5.txt_3_bestACO	
0	178057	178057	
1	174571	178057	
2	179681	179681	
3	174250	179681	
4	176491	179681	
5	179681	179681	
6	177986	179681	
7	179681	179681	
8	179681	179681	
9	179681	179681	
10	179681	179681	
11	177131	179681	
12	179681	179681	
13	179681	179681	
14	179681	179681	
15	179681	179681	
16	179681	179681	
17	179681	179681	
18	179681	179681	
19	179681	179681	
20	179681	179681	
21	179681	179681	
22	179681	179681	
23	179681	179681	
24	179681	179681	
25	179681	179681	
26	179681	179681	
27	179681	179681	
28	179681	179681	
29	179681	179681	
30	179681	179681	
31	179681	179681	
32	179681	179681	
33	179681	179681	
34	179681	179681	
35	179681	179681	
36	179681	179681	
37	179681	179681	
38	179681	179681	
39	179681	179681	
40	179681	179681	
41	179681	179681	
42	179681	179681	
43	179681	179681	
44	179681	179681	
45	179681	179681	
46	179681	179681	
47	179681	179681	
48	179681	179681	
49	179681	179681	
50	179681	179681	
51	179681	179681	
52	179681	179681	
53	179681	179681	
54	179681	179681	
55	179681	179681	
56	179681	179681	
57	179681	179681	
58	179681	179681	
59	179681	179681	
60	179681	179681	
61	179681	179681	
62	179681	179681	
63	179681	179681	
64	179681	179681	
65	179681	179681	
66	179681	179681	
67	179681	179681	
68	179681	179681	
69	179681	179681	
70	179681	179681	
71	179681	179681	
72	179681	179681	
73	179681	179681	
74	179681	179681	
75	179681	179681	
76	179681	179681	
77	179681	179681	
78	179681	179681	
79	179681	179681	
80	179681	179681	
81	179681	179681	
82	179681	179681	
83	179681	179681	
84	179681	179681	
85	179681	179681	
86	179681	179681	
87	179681	179681	
88	179681	179681	
89	179681	179681	
90	179681	179681	
91	179681	179681	
92	179681	179681	
93	179681	179681	
94	179681	179681	
95	179681	179681	
96	179681	179681	
97	179681	179681	
98	179681	179681	
99	179681	179681	
100	179681	179681	
101	179681	179681	
102	179681	179681	
103	179681	179681	
104	179681	179681	
105	179681	179681	
106	179681	179681	
107	179681	179681	
108	179681	179681	
109	179681	179681	
110	179681	179681	
111	179681	179681	
112	179681	179681	
113	179681	179681	
114	179681	179681	
115	179681	179681	
116	179681	179681	
117	179681	179681	
118	179681	179681	
119	179681	179681	
120	179681	179681	
121	179681	179681	
122	179681	179681	
123	179681	179681	
124	179681	179681	
125	179681	179681	
126	179681	179681	
127	179681	179681	
128	179681	179681	
129	179681	179681	
130	179681	179681	
131	179681	179681	
132	179681	179681	
133	179681	179681	
134	179681	179681	
135	179681	179681	
136	179681	179681	
137	179681	179681	
138	179681	179681	
139	179681	179681	
140	179681	179681	
141	179681	179681	
142	179681	179681	
143	179681	179681	
144	179681	179681	
145	179681	179681	
146	179681	179681	
147	179681	179681	
148	179681	179681	
149	179681	179681	
150	179681	179681	
151	179681	179681	
152	179681	179681	
153	179681	179681	
154	179681	179681	
155	179681	179681	
156	179681	179681	
157	179681	179681	
158	179681	179681	
159	179681	179681	
160	179681	179681	
161	179681	179681	
162	179681	179681	
163	179681	179681	
164	179681	179681	
165	179681	179681	
166	179681	179681	
167	179681	179681	
168	179681	179681	
169	179681	179681	
170	179681	179681	
171	179681	179681	
172	179681	179681	
173	179681	179681	
174	179681	179681	
175	179681	179681	
176	179681	179681	
177	179681	179681	
178	179681	179681	
179	179681	179681	
180	179681	179681	
181	179681	179681	
182	179681	179681	
183	179681	179681	
184	179681	179681	
185	179681	179681	
186	179681	179681	
187	179681	179681	
188	179681	179681	
189	179681	179681	
190	179681	179681	
191	179681	179681	
192	179681	179681	
193	179681	179681	
194	179681	179681	
195	179681	179681	
196	179681	179681	
197	179681	179681	
198	179681	179681	
199	179681	179681	
200	179681	179681	
201	179681	179681	
202	179681	179681	
203	179681	179681	
204	179681	179681	
205	179681	179681	
206	179681	179681	
207	179681	179681	
208	179681	179681	
209	179681	179681	
210	179681	179681	
211	179681	179681	
212	179681	179681	
213	179681	179681	
214	179681	179681	
215	179681	179681	
216	179681	179681	
217	179681	179681	
218	179681	179681	
219	179681	179681	
220	179681	179681	
221	179681	179681	
222	179681	179681	
223	179681	179681	
224	179681	179681	
225	179681	179681	
226	179681	179681	
227	179681	179681	
228	179681	179681	
229	179681	179681	
230	179681	179681	
231	179681	179681	
232	179681	179681	
233	179681	179681	
234	179681	179681	
235	179681	179681	
236	179681	179681	
237	179681	179681	
238	179681	179681	
239	179681	179681	
240	179681	179681	
241	179681	179681	
242	179681	179681	
243	179681	179681	
244	179681	179681	
245	179681	179681	
246	179681	179681	
247	179681	179681	
248	179681	179681	
249	179681	179681	
250	179681	179681	
251	179681	179681	
252	179681	179681	
253	179681	179681	
254	179681	179681	
255	179681	179681	
256	179681	179681	
257	179681	179681	
258	179681	179681	
259	179681	179681	
260	179681	179681	
261	179681	179681	
262	179681	179681	
263	179681	179681	
264	179681	179681	
265	179681	179681	
266	179681	179681	
267	179681	179681	
268	179681	179681	
269	179681	179681	
270	179681	179681	
271	179681	179681	
272	179681	179681	
273	179681	179681	
274	179681	179681	
275	179681	179681	
276	179681	179681	
277	179681	179681	
278	179681	179681	
279	179681	179681	
280	179681	179681	
281	179681	179681	
282	179681	179681	
283	179681	179681	
284	179681	179681	
285	179681	179681	
286	179681	179681	
287	179681	179681	
288	179681	179681	
289	179681	179681	
290	179681	179681	
291	179681	179681	
292	179681	179681	
293	179681	179681	
294	179681	179681	
295	179681	179681	
296	179681	179681	
297	179681	179681	
298	179681	179681	
299	179681	179681	
300	179681	179681	
301	179681	179681	
302	179681	179681	
303	179681	179681	
304	179681	179681	
305	179681	179681	
306	179681	179681	
307	179681	179681	
308	179681	179681	
309	179681	179681	
310	179681	179681	
311	179681	179681	
312	179681	179681	
313	179681	179681	
314	179681	179681	
315	179681	179681	
316	179681	179681	
317	179681	179681	
318	179681	179681	
319	179681	179681	
320	179681	179681	
321	179681	179681	
322	179681	179681	
323	179681	179681	
324	179681	179681	
325	179681	179681	
326	179681	179681	
327	179681	179681	
328	179681	179681	
329	179681	179681	
330	179681	179681	
331	179681	179681	
332	179681	179681	
333	179681	179681	
334	179681	179681	
335	179681	179681	
336	179681	179681	
337	179681	179681	
338	179681	179681	
339	179681	179681	
340	179681	179681	
341	179681	179681	
342	179681	179681	
343	179681	179681	
344	179681	179681	
345	179681	179681	
346	179681	179681	
347	179681	179681	
348	179681	179681	
349	179681	179681	
350	179681	179681	
351	179681	179681	
352	179681	179681	
353	179681	179681	
354	179681	179681	
355	179681	179681	
356	179681	179681	
357	179681	179681	
358	179681	179681	
359	179681	179681	
360	179681	179681	
361	179681	179681	
362	179681	179681	
363	179681	179681	
364	179681	179681	
365	179681	179681	
366	179681	179681	
367	179681	179681	
368	179681	179681	
369	179681	179681	
370	179681	179681	
371	179681	179681	
372	179681	179681	
373	179681	179681	
374	179681	179681	
375	179681	179681	
376	179681	179681	
377	179681	179681	
378	179681	179681	
379	179681	179681	
380	179681	179681	
381	179681	179681	
382	179681	179681	
383	179681	179681	
384	179681	179681	
385	179681	179681	
386	179681	179681	
387	179681	179681	
388	179681	179681	
389	179681	179681	
390	179681	179681	
391	179681	179681	
392	179681	179681	
393	179681	179681	
394	179681	179681	
395	179681	179681	
396	179681	179681	
397	179681	179681	
398	179681	179681	
399	179681	179681	
400	179681	179681	
401	179681	179681	
402	179681	179681	
403	179681	179681	
404	179681	179681	
405	179681	179681	
406	179681	179681	
407	179681	179681	
408	179681	179681	
409	179681	179681	
410	179681	179681	
411	179681	179681	
412	179681	179681	
413	179681	179681	
414	179681	179681	
415	179681	179681	
416	179681	179681	
417	179681	179681	
418	179681	179681	
419	179681	179681	
420	179681	179681	
421	179681	179681	
422	179681	179681	
423	179681	179681	
424	179681	179681	
425	179681	179681	
426	179681	179681	
427	179681	179681	
428	179681	179681	
429	179681	179681	
430	179681	179681	
431	179681	179681	
432	179681	179681	
433	179681	179681	
434	179681	179681	
435	179681	179681	
436	179681	179681	
437	179681	179681	
438	179681	179681	
439	179681	179681	
440	179681	179681	
441	179681	179681	
442	179681	179681	
443	179681	179681	
444	179681	179681	
445	179681	179681	
446	179681	179681	
447	179681	179681	
448	179681	179681	
449	179681	179681	
450	179681	179681	
451	179681	179681	
452	179681	179681	
453	179681	179681	
454	179681	179681	
455	179681	179681	
456	179681	179681	
457	179681	179681	
458	179681	179681	
459	179681	179681	
460	179681	179681	
461	179681	179681	
462	179681	179681	
463	179681	179681	
464	179681	179681	
465	179681	179681	
466	179681	179681	
467	179681	179681	
468	179681	179681	
469	179681	179681	
470	179681	179681	
471	179681	179681	
472	179681	179681	
473	179681	179681	
474	179681	179681	
475	179681	179681	
476	179681	179681	
477	179681	179681	
478	179681	179681	
479	179681	179681	
480	179681	179681	
481	179681	179681	
482	179681	179681	
483	179681	179681	
484	179681	179681	
485	179681	179681	
486	179681	179681	
487	179681	179681	
488	179681	179681	
489	179681	179681	
490	179681	179681	
491	179681	179681	
492	179681	179681	
493	179681	179681	
494	179681	179681	
495	179681	179681	
496	179681	179681	
497	179681	179681	
498	179681	179681	
499	179681	179681	
500	179681	179681	
501	179681	179681	
502	179681	179681	
503	179681	179681	
504	179681	179681	
505	179681	179681	
506	179681	179681	
507	179681	179681	
508	179681	179681	
509	179681	179681	
510	179681	179681	
511	179681	179681	
512	179681	179681	
513	179681	179681	
514	179681	179681	
515	179681	179681	
516	179681	179681	
517	179681	179681	
518	179681	179681	
519	179681	179681	
520	179681	179681	
521	179681	179681	
522	179681	179681	
523	179681	179681	
524	179681	179681	
525	179681	179681	
526	179681	179681	
527	179681	179681	
528	179681	179681	
529	179681	179681	
530	179681	179681	
531	179681	179681	
532	179681	179681	
533	179681	179681	
534	179681	179681	
535	179681	179681	
536	179681	179681	
537	179681	179681	
538	179681	179681	
539	179681	179681	
540	179681	179681	
541	179681	179681	
542	179681	179681	
543	179681	179681	
544	179681	179681	
545	179681	179681	
546	179681	179681	
547	179681	179681	
548	179681	179681	
549	179681	179681	
550	179681	179681	
551	179681	179681	
552	179681	179681	
553	179681	179681	
554	179681	179681	
555	179681	179681	
Column 5: 555
Column 6: 555
