jeu_200_25_8.txt_3_currentACO	jeu_200_25_8.txt_3_bestACO	
0	59123	59123	
1	61924	61924	
2	59692	61924	
3	56850	61924	
4	61049	61924	
5	61924	61924	
6	61924	61924	
7	61924	61924	
8	62663	62663	
9	62156	62663	
10	63051	63051	
11	61800	63051	
12	62765	63051	
13	62663	63051	
14	63677	63677	
15	64430	64430	
16	61800	64430	
17	63064	64430	
18	63443	64430	
19	63677	64430	
20	64347	64430	
21	63107	64430	
22	62567	64430	
23	64222	64430	
24	64516	64516	
25	64430	64516	
26	63107	64516	
27	63549	64516	
28	64222	64516	
29	64516	64516	
30	64347	64516	
31	63822	64516	
32	64089	64516	
33	64430	64516	
34	64516	64516	
35	64516	64516	
36	62880	64516	
37	64516	64516	
38	64874	64874	
39	65544	65544	
40	65912	65912	
41	62718	65912	
42	66112	66112	
43	65538	66112	
44	65544	66112	
45	65009	66112	
46	65005	66112	
47	66112	66112	
48	65538	66112	
49	65761	66112	
50	65904	66112	
51	65705	66112	
52	66112	66112	
53	66112	66112	
54	65967	66112	
55	65354	66112	
56	66112	66112	
57	66112	66112	
58	65912	66112	
59	66123	66123	
60	65391	66123	
61	64590	66123	
62	66112	66123	
63	65912	66123	
64	66123	66123	
65	66064	66123	
66	64849	66123	
67	66112	66123	
68	65912	66123	
69	66523	66523	
70	66523	66523	
71	65572	66523	
72	65563	66523	
73	65781	66523	
74	65818	66523	
75	66523	66523	
76	66455	66523	
77	64578	66523	
78	65449	66523	
79	64544	66523	
80	65667	66523	
81	67014	67014	
82	65346	67014	
83	66390	67014	
84	65692	67014	
85	65878	67014	
86	67014	67014	
87	65715	67014	
88	67593	67593	
89	65871	67593	
90	67434	67593	
91	67513	67593	
92	66315	67593	
93	67054	67593	
94	64540	67593	
95	66198	67593	
96	67513	67593	
97	66315	67593	
98	67054	67593	
99	65112	67593	
100	67003	67593	
101	66794	67593	
102	66766	67593	
103	67054	67593	
104	66460	67593	
105	67306	67593	
106	66251	67593	
107	66379	67593	
108	67054	67593	
109	67593	67593	
110	67306	67593	
111	66918	67593	
112	66709	67593	
113	66722	67593	
114	67054	67593	
115	66959	67593	
116	67593	67593	
117	66810	67593	
118	66989	67593	
119	66830	67593	
120	67593	67593	
121	67593	67593	
122	67593	67593	
123	66722	67593	
124	67593	67593	
125	67593	67593	
126	67593	67593	
127	66833	67593	
128	67593	67593	
129	67593	67593	
130	67593	67593	
131	67593	67593	
132	67593	67593	
133	67593	67593	
134	67593	67593	
135	67593	67593	
136	67593	67593	
137	66565	67593	
138	67593	67593	
139	67593	67593	
140	67593	67593	
141	67593	67593	
142	67593	67593	
143	67593	67593	
144	67385	67593	
145	67401	67593	
146	67593	67593	
147	66965	67593	
148	67593	67593	
149	66128	67593	
150	67401	67593	
151	67593	67593	
152	66833	67593	
153	67054	67593	
154	67593	67593	
155	67593	67593	
156	67593	67593	
157	67593	67593	
158	67593	67593	
159	67593	67593	
160	66826	67593	
161	67593	67593	
162	66963	67593	
163	67593	67593	
164	66402	67593	
165	67593	67593	
166	67593	67593	
167	67593	67593	
168	67593	67593	
169	67593	67593	
170	67593	67593	
171	67593	67593	
172	67593	67593	
173	67593	67593	
174	67019	67593	
175	67593	67593	
176	67593	67593	
177	67593	67593	
178	67593	67593	
179	67593	67593	
180	67593	67593	
181	67593	67593	
182	67593	67593	
183	67593	67593	
184	67142	67593	
185	67401	67593	
186	67593	67593	
187	67719	67719	
188	67593	67719	
189	67593	67719	
190	67515	67719	
191	67593	67719	
192	67372	67719	
193	67261	67719	
194	67327	67719	
195	67037	67719	
196	66837	67719	
197	67719	67719	
198	67593	67719	
199	67593	67719	
200	67540	67719	
201	66701	67719	
202	67719	67719	
203	67593	67719	
204	66141	67719	
205	67401	67719	
206	67719	67719	
207	67719	67719	
208	67593	67719	
209	67513	67719	
210	67401	67719	
211	67719	67719	
212	67719	67719	
213	67223	67719	
214	67411	67719	
215	66286	67719	
216	67719	67719	
217	67719	67719	
218	67531	67719	
219	67267	67719	
220	66193	67719	
221	67641	67719	
222	67097	67719	
223	67531	67719	
224	67112	67719	
225	67340	67719	
226	67719	67719	
227	67401	67719	
228	67719	67719	
229	67719	67719	
230	67353	67719	
231	67186	67719	
232	67719	67719	
233	67719	67719	
234	67719	67719	
235	67719	67719	
236	67719	67719	
237	67719	67719	
238	67719	67719	
239	67719	67719	
240	67593	67719	
241	67719	67719	
242	67719	67719	
243	67719	67719	
244	67719	67719	
245	67593	67719	
246	67719	67719	
247	67719	67719	
248	67199	67719	
249	67719	67719	
250	67719	67719	
251	67719	67719	
252	67719	67719	
253	67452	67719	
254	67719	67719	
255	67719	67719	
256	66545	67719	
257	67719	67719	
258	67719	67719	
259	67719	67719	
260	67719	67719	
261	66873	67719	
262	67719	67719	
263	67719	67719	
264	67719	67719	
265	67719	67719	
266	67327	67719	
267	67292	67719	
268	67719	67719	
269	67719	67719	
270	67719	67719	
271	67299	67719	
272	67719	67719	
273	67719	67719	
274	67719	67719	
275	67719	67719	
276	67327	67719	
277	67593	67719	
278	67719	67719	
279	67231	67719	
280	66756	67719	
281	67719	67719	
282	67719	67719	
283	67023	67719	
284	67719	67719	
285	67186	67719	
286	67719	67719	
287	67719	67719	
288	67219	67719	
289	67719	67719	
290	67719	67719	
291	67719	67719	
292	66384	67719	
293	67719	67719	
294	67719	67719	
295	67719	67719	
296	67719	67719	
297	67719	67719	
298	67719	67719	
299	67719	67719	
300	67719	67719	
301	67719	67719	
302	67719	67719	
303	67719	67719	
304	67719	67719	
305	67719	67719	
306	67719	67719	
307	67719	67719	
308	67719	67719	
309	66871	67719	
310	67719	67719	
311	67719	67719	
312	67719	67719	
313	67719	67719	
314	67719	67719	
315	67719	67719	
316	67200	67719	
317	67719	67719	
318	67719	67719	
319	67719	67719	
320	67719	67719	
321	67719	67719	
322	67719	67719	
323	67186	67719	
324	67719	67719	
325	67719	67719	
326	67719	67719	
327	67199	67719	
328	67719	67719	
329	67719	67719	
330	67719	67719	
331	67505	67719	
332	67719	67719	
333	67719	67719	
334	67104	67719	
335	67719	67719	
336	67719	67719	
337	67719	67719	
338	67719	67719	
339	67719	67719	
340	67231	67719	
341	67719	67719	
342	67719	67719	
343	67316	67719	
344	67719	67719	
345	66904	67719	
346	67719	67719	
347	67719	67719	
348	66311	67719	
349	67719	67719	
350	67719	67719	
351	67719	67719	
352	67719	67719	
353	67719	67719	
354	67719	67719	
355	67719	67719	
356	67719	67719	
357	67719	67719	
358	67719	67719	
359	67719	67719	
360	67719	67719	
361	67719	67719	
362	67719	67719	
363	67719	67719	
364	67719	67719	
365	67719	67719	
366	67719	67719	
367	67175	67719	
368	67719	67719	
369	67719	67719	
370	67719	67719	
371	67719	67719	
372	67719	67719	
373	67719	67719	
374	67719	67719	
375	67719	67719	
376	67719	67719	
377	67719	67719	
378	67719	67719	
379	67719	67719	
380	67860	67860	
381	67719	67860	
382	67719	67860	
383	67719	67860	
384	67719	67860	
385	67442	67860	
386	67719	67860	
387	67447	67860	
388	67719	67860	
389	67028	67860	
390	67746	67860	
391	67719	67860	
392	67511	67860	
393	67359	67860	
394	67576	67860	
395	67686	67860	
396	67746	67860	
397	67881	67881	
398	67860	67881	
399	66890	67881	
400	67872	67881	
401	68148	68148	
402	67881	68148	
403	67236	68148	
404	66990	68148	
405	67746	68148	
406	68148	68148	
407	67881	68148	
408	67567	68148	
409	67757	68148	
410	67780	68148	
411	67881	68148	
412	67881	68148	
413	67567	68148	
414	67860	68148	
415	67345	68148	
416	68148	68148	
417	68148	68148	
418	68148	68148	
419	67267	68148	
420	68148	68148	
421	68148	68148	
422	67445	68148	
423	68148	68148	
424	67860	68148	
425	66308	68148	
426	67719	68148	
427	67534	68148	
428	68148	68148	
429	67567	68148	
430	67324	68148	
431	66468	68148	
432	68148	68148	
433	68148	68148	
434	66737	68148	
435	68148	68148	
436	68148	68148	
437	68148	68148	
438	67326	68148	
439	67872	68148	
440	68148	68148	
441	68148	68148	
442	68148	68148	
443	66970	68148	
444	67872	68148	
445	68148	68148	
446	68148	68148	
447	68148	68148	
448	68148	68148	
449	68148	68148	
450	68148	68148	
451	68148	68148	
452	68148	68148	
453	68148	68148	
454	67860	68148	
455	66651	68148	
456	66722	68148	
457	68148	68148	
458	68148	68148	
459	68148	68148	
460	68148	68148	
461	68148	68148	
462	67860	68148	
463	68148	68148	
464	68148	68148	
465	68148	68148	
466	68148	68148	
467	67180	68148	
468	68148	68148	
469	68148	68148	
470	68148	68148	
471	68148	68148	
472	68148	68148	
473	68148	68148	
474	68148	68148	
475	68148	68148	
476	68148	68148	
477	68148	68148	
478	66572	68148	
479	68148	68148	
480	68148	68148	
Column 5: 480
Column 6: 480
